,14,21,28,35,42,49,56,63,70,77,84,91,98,105,112,119,126,133,140,147,154,161,168,175,182,189,196,203,210,217,224,231,238,245,252,259,266,273,280,287,294,301,308,315,322,329,336,343,350,357,364,371,378,385,392,399,406,413,420,427,434,441,448,455
14,0.0013918267086508,0.0015473105233506,0.0021657292453483,0.0028769330805731,0.0034093984979267,0.0035344368963793,0.0031932772014527,0.0027430543979964,0.0026891897820089,0.0029571610438743,0.0032061365591245,0.0034099297793176,0.0037362839539314,0.0041958848881259,0.0045096414687183,0.0044054145901529,0.0039767421414484,0.0037873097311827,0.0043251345553967,0.0052940871100619,0.0061953142915278,0.0068834954088629,0.0075819967167332,0.0086231499132661,0.0100323211764297,0.0114624336817912,0.0125057960130225,0.0129491529832845,0.0128325942235721,0.0123819778682047,0.0118630443116759,0.0114138155874705,0.0109539783727702,0.0102535223309046,0.0090941588762465,0.0073922377570225,0.0052440344116878,0.002956279411649,0.0015815431332991,0.0027655799707017,0.0043869701988542,0.0056642031826232,0.0066100194664225,0.0074170864810039,0.0082842948684101,0.009279169033711,0.0103090004060029,0.011203040576729,0.0118141780763043,0.0120757537917677,0.0120191035717503,0.0117500594208569,0.0113984751564483,0.0110458895210171,0.0106829898282701,0.0102269996436619,0.0095881723660996,0.0087313352642433,0.0077017447074849,0.0066246612166033,0.0056904469615274,0.0051064509750759,0.0049688623461654,0.0051517278813689
21,0.0013118968495275,0.001936663423999,0.0028516960398817,0.0035737258811994,0.0039216961078675,0.0037904934253929,0.0033489791638276,0.0031145281655754,0.0032849994857791,0.0034843696890901,0.0035306881025729,0.0036302942730073,0.0040183659811071,0.0045369568168029,0.0047746938703825,0.0045436508974288,0.0041472562914811,0.0041990165127604,0.0048425947749355,0.0056278158954233,0.0062655690205988,0.0069080047876902,0.0079487258022228,0.0095280727029159,0.0113154228990043,0.012821467301431,0.0137195441901389,0.0139574648318845,0.0137164452525393,0.0132871875072776,0.0129043817020655,0.0126172464493165,0.0122796900243172,0.0116611160310051,0.0105760617454898,0.0089582038131414,0.0068747404342963,0.0045113640865048,0.0022109077623433,0.0014720923984012,0.0031555777994281,0.0049859897328447,0.0066816598770614,0.0083040089755164,0.0099056943981454,0.0114563498358801,0.0128521993207344,0.0139667805730882,0.0147034450032311,0.0150213003175207,0.0149410734339266,0.0145248915889795,0.0138493820049675,0.0129713909034073,0.0119157886870153,0.0106886276676885,0.0093166541210032,0.0078880112734096,0.0065768327205222,0.0056327743553488,0.0052711989482933,0.0054640742564097,0.0059320609552521,0.0063753521984848
28,0.0015500820934134,0.0024696755719723,0.0033697778223077,0.0039359101782058,0.0040985304604556,0.0038965785068005,0.003634704020476,0.0036611283009247,0.0038259043200425,0.0038174060515674,0.003691506304054,0.0037830095915125,0.0042369684610211,0.0047393666582958,0.0049093516005196,0.0047186166165356,0.0045413793557755,0.0047419186054575,0.0052202298947445,0.0057102340123675,0.00625662211919,0.0072086653382155,0.0087780650385939,0.0107240572577386,0.0125734238526893,0.0139470402207121,0.0147023243118678,0.0149252344574976,0.0148307119384074,0.0146373197475261,0.0144653749303257,0.0143008556586447,0.0140208446172269,0.0134517780893369,0.0124279005218917,0.0108433067926856,0.0086890864920707,0.0060767001000467,0.0032821944280287,0.0015925036774899,0.0035527857143049,0.0061218956996988,0.0085028250503554,0.0106388470368132,0.0125485651515958,0.0142340099565862,0.0156549342123533,0.0167393768765598,0.017412439265404,0.0176187169764592,0.0173385839217445,0.0165888033174815,0.0154207624465412,0.0139083159128646,0.0121434427149563,0.0102403400156804,0.0083609441611032,0.0067523378872451,0.0057466593302759,0.005566966310103,0.0060273624472459,0.0067011013671591,0.007264732274439,0.0075515276271987
35,0.0019619920149148,0.002800296155536,0.0034956562512594,0.0039146745550192,0.0040842477823922,0.0040985352839865,0.0041292523275115,0.0042136279850105,0.0041814511037796,0.0039679895067166,0.0037869199186207,0.0039312548473379,0.0043978153904239,0.0048738019770551,0.0051129367250658,0.0051412489368856,0.0051478643869497,0.0052367376256196,0.0054009943861693,0.0057430651889979,0.006545904971632,0.007982944400397,0.0098744231059301,0.0118426585353146,0.0135573553254309,0.0148514729044117,0.0157143541324345,0.0162206295020768,0.0164574396626294,0.0164987316889151,0.0164056984351575,0.0162151463158151,0.0158967744907952,0.015321614498566,0.0142874601154391,0.0126094109267001,0.0102197668877544,0.0072463857197859,0.0041611368773289,0.0028944578110307,0.0051650582419095,0.0081051742460409,0.0107684790054998,0.0130234901341622,0.0149061171646435,0.0164789481635719,0.0177631617432266,0.0187174854977896,0.0192564217325596,0.0192857557507435,0.0187405532354919,0.0176099446447557,0.0159515906489973,0.0138885390860463,0.011603662645022,0.0093399424080231,0.0074235141813861,0.0062592267873133,0.006089972665735,0.0066445981795186,0.0074031388233822,0.008009817144003,0.0083087024654608,0.0082596926696611
42,0.0022592418527633,0.0027608278333876,0.0032618705790046,0.0037594690119464,0.0042237265735239,0.0045691208226739,0.0047106188962014,0.0046202439381992,0.0043562379041564,0.0040649795615664,0.0039399762740156,0.0041166783599728,0.0045674898412257,0.0051213280970367,0.0055852662754948,0.0058217905643469,0.0057863753003932,0.0055848757937926,0.005535632615066,0.006052535464509,0.0072760967603236,0.008971890729709,0.0108226160473618,0.0126227357059961,0.0142918735768815,0.0157973257809167,0.0170695896028958,0.0179960582157629,0.018490784297737,0.0185721902975906,0.0183701459344438,0.0180429097418509,0.0176388122135238,0.0170143538046986,0.0158884269300709,0.0140022653710785,0.0112674555306918,0.0078603860915031,0.0044295864899953,0.0035006701997416,0.0062527600306414,0.0094531003769824,0.0122091666994023,0.0144132858189677,0.0161551818800808,0.0175643837348945,0.0187096504500992,0.0195579460767884,0.0199948864520155,0.0198842298685887,0.0191303720967141,0.0177212073442654,0.015749177962551,0.013409207700187,0.0109898330063821,0.0088655510690504,0.0074612024477108,0.0070420700127526,0.0074036265471829,0.0080460678133762,0.0085821471789587,0.0088314142169099,0.0087567407087149,0.0083949938484716
49,0.0022819561820194,0.0024148585638447,0.0030192191821075,0.0039125555694121,0.0047321092795179,0.0052018228676229,0.0051992370910647,0.0048661030923185,0.0045019874126027,0.0042829835450378,0.0042222127009838,0.004378987965325,0.0048717912671976,0.0056264288349024,0.0063072545944876,0.0065638697532462,0.0063099908860414,0.0058707608949062,0.0058865405885388,0.0067356729599344,0.0081530865835847,0.0097422122284024,0.0113669377517459,0.0131096999281241,0.0150452846100919,0.0170472170008273,0.0188078920188463,0.0200226170343683,0.0205559536759627,0.0205013771568383,0.0201164791695032,0.0196590222418658,0.019194114758521,0.0185209629741518,0.0172863607541911,0.0151925330920527,0.0121505044682335,0.0083458740383599,0.0043688529151947,0.0029501285005028,0.0060427900735804,0.0094353900181244,0.0122400792529642,0.0144043374895454,0.0160729103141487,0.0174264152283439,0.0185596022423545,0.0194316743582802,0.0198981251114839,0.0197948485706999,0.0190187511881887,0.017578885696758,0.0156157732264664,0.0133926312135639,0.0112666074932676,0.009625450924574,0.008740274142401,0.0085723772794232,0.0087944415439159,0.0090537478713411,0.0091394794164199,0.0089871249060629,0.0086291234203492,0.0081384540229269
56,0.0020362390464204,0.0021120842750508,0.0032287348103233,0.0045008024985199,0.0054167119048916,0.0057589907621512,0.0055432425716762,0.005108973347418,0.0048282964709801,0.0047079990380018,0.0046321985400653,0.0047676350588116,0.005381129716809,0.0063179317291167,0.0070519165198504,0.0071763463243341,0.006738993803568,0.0062998118169252,0.0065399352643459,0.0075097271904835,0.0087602670810963,0.0100649061848657,0.0115901532749187,0.0135992271413701,0.0160586306013082,0.0185721291355463,0.0206405990432401,0.0219267171867545,0.0223722286857668,0.0221825549753668,0.0217028004243611,0.021220546355633,0.020777511812546,0.0201329678712675,0.0189089843166764,0.0167986615449113,0.0137033473123666,0.0097733759797114,0.0054168512264121,0.0020499225254874,0.004469868012825,0.0080035797513974,0.01094886944403,0.0132461597017619,0.0150584090450804,0.0165849766577859,0.017925839560134,0.0190291252119749,0.0197334817411317,0.019866022405988,0.019329386526432,0.0181510526149723,0.016492690255716,0.0146230830784798,0.0128565369181869,0.0114582646864362,0.010537156156223,0.0100093877553014,0.0096809468608201,0.0093802690480272,0.0090260448009337,0.0086260834544737,0.0082354638130189,0.0079004566252122
63,0.0017323668305065,0.0022774972000406,0.0038129634778693,0.005146117612371,0.0059439644388421,0.0061400064477616,0.0058908006263874,0.0055760885893448,0.0054153484883623,0.0052807812930896,0.0051371190703351,0.0052935232195125,0.0059984930109871,0.006955363624539,0.0076016336447965,0.0076311751926568,0.0072336977759928,0.0069741333685924,0.0072709934549576,0.0080009264147229,0.0089040911345429,0.0100655801596286,0.0118313640319588,0.0143386270812553,0.0172691578749405,0.0200649375892791,0.0222363964317868,0.0235339328444104,0.0239830501673448,0.0238306175183986,0.023422522679931,0.0230346702396405,0.0227150117160649,0.0222453987511073,0.0212561095476629,0.0194110865995674,0.0165512076421591,0.012754153921545,0.0083334182194596,0.0039052122642644,0.0025504955792392,0.0058926423175962,0.009167195464931,0.0118628050318524,0.014086029600487,0.0160247309837595,0.0177784854412809,0.0192956827194709,0.0204132244919533,0.0209540176853592,0.0208125194193202,0.0200001018498507,0.0186470008532038,0.0169682288342341,0.0152025020114401,0.0135460601387847,0.0121042435483585,0.0108956109038904,0.0098954302862474,0.0090923864564012,0.0085065056568764,0.0081671825260015,0.0080621430689684,0.0081069253100553
70,0.0017715223942978,0.0027598967476248,0.0042670827393573,0.0054589337112182,0.0061902723269168,0.0064885785757951,0.0064773765045349,0.0063375169877139,0.006143105824587,0.0058847693005764,0.0056983060136614,0.0058728958633379,0.0065130330584565,0.0073284643135569,0.0079093399943999,0.0080636916580208,0.0079147471010524,0.0077457423730108,0.0077615048238192,0.0080439880053475,0.0087397126047664,0.0101251262371261,0.0123556634567997,0.0152441317231107,0.0183597702657737,0.021236391125847,0.0235112209235625,0.0249929409592845,0.0256811478445713,0.0257545203025384,0.0255150284847007,0.0252653850362273,0.0251352420303028,0.0249675186635825,0.0243717601163541,0.0229184502076357,0.0203368571666726,0.0166246734097757,0.0120703593706108,0.007262431495736,0.0036860514142472,0.0049765840855702,0.0083746699503155,0.0115118131885561,0.0142067665370666,0.0165981525691693,0.0187866731334332,0.0207287976336483,0.0222585063562539,0.0231793952015133,0.0233524925963115,0.0227461612727069,0.0214432792322354,0.0196159057480267,0.0174784125204732,0.0152424878434252,0.0130863343293801,0.0111588252574628,0.0095984153920678,0.0085421257663326,0.0080675765681537,0.0081078044431609,0.0084509742520077,0.0088470699755645
77,0.0022762638302432,0.0031035315196045,0.0042540742721449,0.0053655683527514,0.006342216860301,0.0070599762570118,0.0073636839830636,0.0072262827467429,0.0068274815017178,0.0064388098673729,0.0062542763900785,0.0063515644859163,0.0067508243224862,0.0073996471331501,0.0081147860418377,0.0086210224357878,0.008701423311339,0.0083489641019518,0.0078588876514964,0.0077956847818118,0.0086708280287275,0.010522643572699,0.0130555368179152,0.0159790050993016,0.0190624963418005,0.0220560605926347,0.0246584733583475,0.0265833744777584,0.0276761909736955,0.0280098243268802,0.0278916694837494,0.0277311795544192,0.027781713308962,0.0279231251307633,0.0276891618607513,0.0265253029070712,0.0240627728340653,0.0202667256173149,0.0154682709779444,0.0103739978626544,0.0064188742956405,0.0063312356945749,0.0092845618970357,0.0125665445115425,0.015529864487319,0.0182049460985067,0.0206771984718431,0.0229015136398763,0.0246967283416812,0.0258332818775998,0.0261289371521888,0.025509291718076,0.0240252103235506,0.0218371940515387,0.0191773932832107,0.0163107168651511,0.0135068112418002,0.0110411704778344,0.0092020107509134,0.0082349155682446,0.0081489781793531,0.008635482870217,0.0092911595651832,0.0098219690312234
84,0.0029222358181186,0.0030776179476619,0.0037771867532145,0.0051502144471165,0.0067140065222227,0.0079096350599981,0.0083417969894148,0.0080068545022758,0.0073623793228285,0.0069114871915884,0.0067126145375177,0.0065964489528055,0.0066887892267282,0.0073276221988993,0.0084091079072114,0.0092839121321373,0.0093736008645103,0.0086311835578297,0.0076943353553777,0.0076532155989922,0.0089828713092041,0.0111203803531361,0.0135640827632981,0.0162792911898853,0.019375870132313,0.0227277300946341,0.0258977512743151,0.0283673375976182,0.0298164089210987,0.03028467575569,0.0301644421662594,0.0300026643991181,0.0301494979505845,0.030477307009871,0.0304327321060486,0.0293679532999334,0.0268638454227878,0.0228886059426144,0.0178267653747352,0.0124924409630472,0.0084183101391028,0.008001803687042,0.010718101888512,0.0140490044812535,0.0171417219227796,0.0199511518960998,0.022554208035205,0.0249084763151706,0.0268217742198905,0.0280358720282981,0.0283319644142633,0.0276035813926893,0.0258850609766591,0.0233432161560675,0.0202438742685563,0.0169127568874846,0.0137058684072047,0.0110045331587418,0.0091957103215978,0.0085137392938777,0.0087711471770883,0.0094716303816315,0.010181715450766,0.0106582598773381
91,0.0034196525358624,0.0026967582535353,0.003173430566037,0.0052160590605116,0.0073573074227562,0.0087872284678073,0.0091318397298627,0.0085570225267597,0.0077608379308373,0.0072927244722092,0.0069883079506109,0.0065864080253197,0.0064861128977186,0.0073491833798991,0.0088334316409691,0.0098721199561191,0.0097782987758865,0.0086901920379847,0.007634172137754,0.0079143891422907,0.0095156136127163,0.0115159713599297,0.0136129288131694,0.0161683181906985,0.0195222186194205,0.0234307461398974,0.0271805149619334,0.0300553236581398,0.031680002600658,0.0321439980887425,0.0319361392997341,0.0316940696082414,0.0318143441986471,0.0321626571219313,0.0321495133112059,0.031088504667924,0.0285314269841432,0.024429650622199,0.0191661733423836,0.0135756004848777,0.0092318683246117,0.0086210385016493,0.0113817668732877,0.0148688375535651,0.0180961383308885,0.0209882354707282,0.0236420340828881,0.0260448852351387,0.0280170438581494,0.0292876189356723,0.0296104262890489,0.0288517551093197,0.0270320317345985,0.024324457441975,0.0210242325417559,0.0175058660418387,0.0141855973870681,0.0114957107023498,0.0098177944773596,0.0092771945466358,0.0095691249756715,0.0101960817208656,0.0107828863532319,0.0111382083471615
98,0.0036158380788129,0.0021452824375215,0.0029184633708549,0.0055876523573666,0.0079633270991547,0.0093822317434613,0.0096089945699397,0.0089390685047181,0.008115949590924,0.0075770121235942,0.0070694029462082,0.006455733453035,0.0063994333153915,0.0075611892969605,0.0092328938585039,0.0102266459265695,0.0099819784435952,0.0088521241871045,0.0079985578429643,0.0084481759845332,0.0098448045332292,0.0114291593836221,0.0132464113972764,0.0159120405470327,0.0196976573577976,0.0240873756539789,0.0281876009804072,0.0312490096077233,0.032933584291054,0.0333736371358525,0.0330823945687486,0.0327167166719483,0.032715966878613,0.0330097943957252,0.0330489539700524,0.0321291890063207,0.0297336499850895,0.0257229049967238,0.0203908414295486,0.0144834355200046,0.0094536261766473,0.0080857454788828,0.0108282504853261,0.0145553746175153,0.0179679784958111,0.0209525304919062,0.0236517808943736,0.0261165073780849,0.028205233880069,0.0296450744416684,0.0301606658762719,0.0295822663683163,0.0279042436772902,0.0252915469852111,0.022049442189531,0.0185729839468937,0.0152934225998876,0.012625922376931,0.0108876056189354,0.01015204193517,0.0101698688655134,0.0105458226793129,0.0109626231284036,0.011243939086217
105,0.0035058766271088,0.0017392115274878,0.0030525569746622,0.0058641708704946,0.0081995631036157,0.0095970173866444,0.0099008554331544,0.0093523435994735,0.0085223654206263,0.0077791323641502,0.0070595867294352,0.006443417123348,0.0065787899751059,0.0078290889027706,0.0094231056259949,0.0103691307569695,0.0102576363091719,0.0094267968741334,0.0087374215575407,0.008860037937868,0.0096822423840281,0.010908619167299,0.0127784318279884,0.0157687140038961,0.0198610725969109,0.0244241895520052,0.0286266738488024,0.0317981700336063,0.0336124251789408,0.0341453458951742,0.0338397589549424,0.0333510014688952,0.033235781604703,0.0335929021021295,0.0339510769463799,0.0335341890249903,0.0316619529123428,0.0280219536534912,0.022770733385971,0.0165365373931337,0.0105263068500611,0.0073678381250427,0.0093893801497801,0.0132697616132323,0.0168908424713294,0.0200080856668407,0.0228151250060135,0.025445830991488,0.0278053530916394,0.0296109998927846,0.0305410904899359,0.0303706167676773,0.0290489850615906,0.0267135667087085,0.0236574043381747,0.0202689738877736,0.0169647238311118,0.0141259850392416,0.0120406694848528,0.0108313788504342,0.0103990523862276,0.0104794245571486,0.0107874070417343,0.011112944977111
112,0.0033330781535621,0.0018737362579772,0.0031449872699188,0.0056991782277873,0.0080107401044849,0.0096388268867408,0.0103038480655009,0.0099763030455572,0.0090160187329877,0.0079571734179282,0.0071404764345825,0.0067166204807031,0.0069330179801501,0.00794464342834,0.0093650447384118,0.010500668719871,0.0108591035462781,0.0103956680291576,0.009512082195458,0.0088731466380746,0.0090640190512257,0.0102932788650471,0.0125367493629499,0.0157562001966023,0.0197968824023312,0.0242514444543245,0.0285102031273381,0.0319425050821184,0.0341019150465664,0.0348898178148907,0.0346420731000065,0.0340715093575045,0.033959984413924,0.0346369856866571,0.035661031461096,0.0360757278050125,0.0349573817781431,0.0318021707908355,0.0266615976491582,0.0201174282805006,0.013243795261674,0.00805217832372,0.0080408141803737,0.0116432144270068,0.0154118931911477,0.0187038829384304,0.0217167317537811,0.0246518805151077,0.027441841623725,0.0297716236698504,0.0312544265805399,0.0315972955245529,0.0306953865822896,0.0286500470817069,0.0257338904192485,0.0223236187051176,0.0188264453001033,0.0156170179924318,0.0130034880436893,0.0112021041864736,0.0102868753520169,0.0101305555439409,0.0104501018104169,0.0109468762610113
119,0.0036027667511118,0.0025935720262543,0.00294623595625,0.0050739467722809,0.0076618306166627,0.0098543614826088,0.0110146645238143,0.0108149494172104,0.0095753573382685,0.0081987744820997,0.0074336707422945,0.0072096850181091,0.0072486134911864,0.0078201759003127,0.0091928930379211,0.0108144429114145,0.0117471949549632,0.0114310148815472,0.0100250181853545,0.0084957252262144,0.0083170637755597,0.0099616233087303,0.0125826795330901,0.0156856127258265,0.0193611563028415,0.0236554214360427,0.0281564391497556,0.0321101692844567,0.0348098075737469,0.0359424950298749,0.0357845930014585,0.035184354324519,0.0351943299694604,0.0363449987069665,0.0381433652095512,0.0394032642147976,0.0389742761102165,0.036213519107636,0.031122672558444,0.0242932439678927,0.0167902529861077,0.0102753596857199,0.0078549209284905,0.010453307713294,0.0141940919291692,0.0176610574324815,0.0209350996939863,0.0242337717166633,0.027488610958022,0.0303421449240068,0.032344627056241,0.0331416228339609,0.0325797053849232,0.0307276089063209,0.0278411294425451,0.0242927515497424,0.0204962445369797,0.0168436850717965,0.0136840352402613,0.0113260584738309,0.0100034013277006,0.0097195324968895,0.0101615157080536,0.0108979373440172
126,0.0045359166675249,0.0035771176408724,0.0025647839123512,0.0042641589839556,0.0074880409044776,0.0103572321921698,0.0119131479588738,0.0117052184101272,0.0101640602417011,0.0085605238792027,0.00787841680431,0.007692584276221,0.0073853323367707,0.0075448070704769,0.0090829790002702,0.0112749201872475,0.0126040089368963,0.0121919327774813,0.0102040018654348,0.007999132595783,0.0078492387986428,0.0100028701107756,0.0127032673601517,0.0153952537399003,0.0186357273934736,0.0229300040001707,0.0278990443129899,0.0325135530498783,0.0357848327012896,0.0372483833418679,0.0371799070991213,0.0365613886361039,0.0366538704055069,0.038130341204332,0.0404605264234932,0.0423058665433812,0.0423688893912237,0.0399123656866427,0.034895392969663,0.0279065092139399,0.0200164952233073,0.0127652578735051,0.008739406814162,0.0100398949284851,0.0135737770147765,0.0171585436589385,0.0206394504174447,0.0242067290446536,0.0277917153398787,0.0310162581495738,0.0333904270416684,0.0345132440902572,0.0341893861256315,0.032456572701047,0.0295541033961093,0.0258528525773544,0.0217793217194281,0.0177505360609316,0.0141557629569953,0.0113755295121584,0.009767801602691,0.0094428810087341,0.0100394568172249,0.0109919866769696
133,0.0057375783561668,0.0045160594392035,0.0022974477772564,0.003595200573646,0.0074947305175769,0.0108625506033784,0.0126681314121734,0.0124615075546781,0.0107617466111841,0.009015570519742,0.0082803201089461,0.007964367293263,0.0073572127339167,0.0073084012893486,0.0090751488546757,0.0116256517734865,0.0131021867538831,0.0125497221054613,0.0102303260418704,0.0077835453931389,0.0078282097975848,0.0101652865793524,0.0126578288578895,0.0149105883542805,0.0178702858249816,0.0223178658016629,0.0277660114846514,0.032935139446026,0.0366660513599067,0.0384156487007949,0.0384385727161274,0.0377431275810294,0.0376842308482902,0.0390881190850727,0.0415354345770715,0.0436784955990746,0.0441287950415153,0.0420393368172247,0.0372744310794606,0.0303582646270306,0.022325981697448,0.0146580360364583,0.0096956501946639,0.0100024243732412,0.0133283857677852,0.016971296608376,0.0205249238816797,0.0241643917406157,0.0278645027164565,0.0312705457786869,0.0338782493200522,0.0352477624564153,0.0351385589047964,0.0335492635436043,0.0306940783242485,0.0269359832273283,0.0227103613048135,0.0184559189548588,0.0145926456193444,0.0115453480097467,0.0097466574343433,0.0093816187486365,0.010065011403692,0.0111460772269755
140,0.0067163509213561,0.0051910930921271,0.0023485852341953,0.003109949924669,0.0073265543018841,0.0109612649043889,0.0130113892864444,0.0129986189471496,0.011362243684951,0.0094720840628448,0.0084675902731916,0.0079709374292441,0.0073071174691661,0.0072607319924481,0.0090402368292234,0.0116097173323042,0.0131288896407906,0.0126549561836958,0.0104577166458975,0.0081314861384664,0.0080743975258239,0.0101361444618662,0.0123688030382549,0.0144188833237545,0.0172962206249373,0.0218219263473585,0.0274772018032976,0.0329397533466404,0.0370025058119828,0.0390377954681044,0.0391731116033936,0.0382939474274671,0.0377626340888711,0.0386531310971424,0.0408725343941133,0.0431925985257362,0.0441215137115876,0.0426235301079956,0.0383809791758536,0.0317829490805912,0.0237860961375423,0.0158194922014504,0.0101328402650732,0.0097338020015617,0.012986124906818,0.0166704941179497,0.02016435923536,0.0236839253200445,0.0273151479561135,0.0307756761364125,0.033564153914927,0.0351969805194193,0.0353739582372118,0.0340385989228123,0.0313659700170944,0.0277005475508749,0.0234788946054961,0.019154283026703,0.0151655609640082,0.0119547997230586,0.0099821137504619,0.009490948419509,0.010138549048207,0.0112529868500536
147,0.0071881042500214,0.0055405465821945,0.0027403276132806,0.0026163292373481,0.0066575106165105,0.0104585705481,0.0129099449221873,0.0133610223258778,0.0119594389516823,0.0098466868444146,0.0084010591430146,0.0078196225454167,0.007410158487694,0.0074152111024149,0.0088243982300621,0.0111582210892076,0.0128446345431264,0.0128460871196405,0.0111786139241693,0.00899965838495,0.0083140321167993,0.0097739528315872,0.0119348017174455,0.0141273706050193,0.0169906484976164,0.0212870436709155,0.0267527467411783,0.0322627397140924,0.0366020005876924,0.0389738342503029,0.0392519926267982,0.0380925181615894,0.0368392981923945,0.0369324125481397,0.0388044217918951,0.0414128091211987,0.0430728159949349,0.0424454184355734,0.0389552115459958,0.0328209172847906,0.0249127063082786,0.0166154736568415,0.0101100376021307,0.0089700138872914,0.0122600090023212,0.0160040009725869,0.0193597119683792,0.0226406763156164,0.026107315047786,0.0295891920003575,0.0325917001466453,0.0345715339487793,0.0351488775592271,0.0341954814116613,0.0318352171630703,0.0283860981220588,0.0242804304721571,0.0199807417536305,0.0159360877303417,0.0125884252397287,0.0103988835716349,0.009671346940085,0.0101708815358975,0.0112523045184174
154,0.0071253401812636,0.0056959324831841,0.0034548142817808,0.0021487112976468,0.0054688882556356,0.0095028358178669,0.012571303840006,0.0136708416583665,0.0125465729934146,0.0101302833807489,0.0081949004579625,0.0077066390290254,0.0077399222491003,0.0076754864657828,0.0083915675337773,0.010429953756664,0.0125713115976465,0.0133867092953365,0.0123565279143031,0.010094767299314,0.0084014523144497,0.0091431306734585,0.0115340081549853,0.0141233966470624,0.0168951962093169,0.0206260217366339,0.0255912225401594,0.0310218755068867,0.0356547269906854,0.0384211227565157,0.0388698280579793,0.0374083269432826,0.0353787488464529,0.0346528633447926,0.0362951391251624,0.0394303276204661,0.0420529031340096,0.0424428437825665,0.0397604506813556,0.0340795190278763,0.0262138220498163,0.0175224000800019,0.0100641433556313,0.007859527900783,0.0111825685572474,0.0150192274182078,0.0182324362451958,0.0212561902397254,0.0245581961935876,0.0280977716684352,0.0313789962016496,0.0337813148722163,0.0348321466583794,0.034324714963054,0.0323294005580315,0.0291373978475402,0.0251769395595306,0.0209192103562669,0.0168213396067083,0.0133211050660896,0.0108740887678518,0.0098442117141268,0.0101332899348684,0.0111496554237073
161,0.0067240569199866,0.0058636594465503,0.0043489813726531,0.0020902582832877,0.0040584875653516,0.0085068982964204,0.0123000540045062,0.0140381853888377,0.0131328298156719,0.0104097418093078,0.0080608745007386,0.00777347996007,0.0082003293889902,0.0079235122920445,0.007851494553678,0.0097138041862942,0.0125429968776963,0.0142116157590849,0.0136396860287159,0.0110899547518941,0.0083348148992156,0.0084417668564145,0.0112971760079473,0.0143326611583082,0.0169158148737956,0.0199371161989059,0.0243091336435306,0.0296616125623073,0.0346201924693918,0.0378001365020104,0.0384503146540867,0.036785214277113,0.0341604539283558,0.032824684577398,0.0344168753771548,0.0381660307085783,0.0417100304524072,0.0429910037392832,0.0409734126364042,0.0356378351379385,0.0277697587711477,0.018716246348905,0.0103905416743169,0.0068133236448292,0.0100187384781974,0.0139810353637573,0.0171209425566978,0.0199634545940185,0.0231644923343274,0.026803912324291,0.0303781388539626,0.0331896530074709,0.0346802364628485,0.0345741618066357,0.0328968003865241,0.0299185677869879,0.0260671392633049,0.0218243183952809,0.0176567584364304,0.0140005500754883,0.0113055135152087,0.0099811423143956,0.0100542881658023,0.0109962936856159
168,0.0062777534792151,0.0060945428064328,0.0051213111790636,0.002436445941778,0.0028963363812225,0.0078774253598695,0.0122775878485641,0.0144968680262829,0.0137574251491751,0.0108359502954433,0.0081940298070926,0.0079950882872392,0.0085958762306066,0.0080798215614976,0.0073967343273546,0.0092461463648272,0.0127111087227878,0.0149782019938141,0.0146240612856778,0.011766169075173,0.0082034617419519,0.007891697790718,0.0112221482213135,0.0145886846963187,0.016994960759883,0.0194536899153933,0.0233766671066547,0.0287141966908777,0.0339775512363196,0.037537067974276,0.0384458367341167,0.036798583127688,0.0339302453843733,0.0322581474236496,0.0337672936256924,0.0378216700715066,0.0418886155953108,0.0437163054162695,0.0421416150083363,0.037068447056768,0.0292425725355927,0.0199869119823462,0.0111049983004616,0.0062669977081274,0.0091195871756332,0.0132258980760875,0.0164086974589099,0.019197479029308,0.0223621470858937,0.0260774877829366,0.0298504762145431,0.0329388204912668,0.0347271780360222,0.0348907101596135,0.0334215969064633,0.030575183850475,0.0267802560358225,0.0225291656449371,0.0182980401125377,0.0145226100940269,0.0116447599787354,0.010095471494702,0.0099884861340906,0.0108547068764801
175,0.0059823764058317,0.0062276270445584,0.0054982798965364,0.0027061800753833,0.0023455554037709,0.0076857913404115,0.0124485751377457,0.0150082200891786,0.0144765190606119,0.0115406186641188,0.0086606556803754,0.0082246401562007,0.0087591067253257,0.0081296020814021,0.0072019794114267,0.0090682052672592,0.0128246628544781,0.0153481604100383,0.0150813715141146,0.0120859308926077,0.0081549673333687,0.0076230859302796,0.011191303633552,0.014745637268842,0.0171410279015232,0.019414279297708,0.0231639885400447,0.0285140823146949,0.0339776740906911,0.0378530938538983,0.0391160843266756,0.0377720691005043,0.0350314986205525,0.0331825050451034,0.0342817524667051,0.0380118758418561,0.0420165313259391,0.0440019182414556,0.0426942124229621,0.0378871150852051,0.0302383868752317,0.0210096939963191,0.0119343206833889,0.0063701433449713,0.0087644134687237,0.0130115712510955,0.0163463115314483,0.0191888723414907,0.0223260222897913,0.02600679314707,0.0297944870380086,0.0329555937140282,0.0348531858813508,0.0351320054949522,0.0337583529767995,0.0309733325161932,0.027203998897218,0.0229494677599746,0.0186920980766914,0.0148653515466104,0.0118983137798716,0.0102186497768558,0.0099822618286427,0.0107702029551911
182,0.0058336570331588,0.0060925720005984,0.0054182218996165,0.0027542337796972,0.0023374662705558,0.0076806540741554,0.0126297268671134,0.0155109142964401,0.0153189321524177,0.0125414258269529,0.0093810286780632,0.0083321705778766,0.0086328764607435,0.00812076772862,0.0073257794056246,0.0090572774450522,0.0126733234707846,0.0152027333850004,0.0150497351948835,0.0122052909399413,0.0083470861154695,0.0076168993354082,0.0110718918249752,0.0147544817346792,0.0174103348652801,0.0199158676624374,0.0237211462927691,0.0290251323696078,0.0345378920846787,0.0386706980375033,0.0403940439595553,0.0395936405250776,0.0372248713521782,0.0352166521228767,0.0355192332495379,0.0383052605734368,0.0417183190333626,0.0435549352158074,0.0424174610146585,0.0379332136996072,0.0306133231634569,0.0216173941307251,0.0126303167419862,0.0069013489113073,0.0089959069075419,0.0133759562038694,0.0169147629365052,0.0198489044501912,0.0229127339170655,0.0264202487633633,0.0300359501683708,0.0330837321907684,0.0349337172978468,0.0352119662148285,0.0338605317917168,0.0311026342852116,0.0273578257074642,0.0231260107914659,0.0188909719153496,0.0150804971742514,0.0121061244812354,0.01037469693655,0.0100512853596191,0.0107587969457486
189,0.0057400557014481,0.0056938523626212,0.0050917942310667,0.0029060100789151,0.0026419231709147,0.0076246746276615,0.0126908888222601,0.0159619144649519,0.0162426498478296,0.0137115438163552,0.0102003871693857,0.0082879957682654,0.0082816991790093,0.0081182181077918,0.0076667809221107,0.0090635544950143,0.0122345449926883,0.0146879988706116,0.0147916835435621,0.012376778484058,0.0088406634096852,0.0077563773241286,0.0108081490948604,0.014656698734731,0.0178143358093318,0.0207958093469595,0.0247252117680665,0.0298841342348098,0.0353263740300115,0.0396801596951644,0.0419199345846408,0.0417576870160665,0.0398197631740929,0.0376198794084923,0.0369538260908575,0.038495050526172,0.0410378555129017,0.0425716931476759,0.0415691220686518,0.0374492196260832,0.0305392445728943,0.0218768960296364,0.013114631604289,0.0075365679212418,0.0095715939924505,0.0140854684804304,0.0178164458268735,0.0208206974401059,0.0237625925785393,0.0270153492660026,0.0303612238459106,0.0332046857722964,0.0349373660477477,0.0351711613838486,0.0338222542034405,0.0310914419620966,0.0273852538826843,0.023199411837399,0.0190155793017862,0.0152542272776082,0.012308924064409,0.0105620712107659,0.0101764851812338,0.0108111950786381
196,0.0056789433327341,0.0052210487765833,0.0048680317488222,0.0034537226416222,0.003137923671166,0.0074671129911072,0.0126306421345525,0.0163436543778068,0.0171348267143608,0.0148400918343059,0.0109613145351004,0.0081541154558121,0.0078441838503608,0.0081326589234431,0.008015790147577,0.0089907753157204,0.0116654447828167,0.014123756470098,0.0146335102152831,0.0127611728373541,0.0095250660260853,0.0079226125291221,0.0104436690810852,0.0145075088032578,0.0182188168631926,0.0216492067613172,0.0256397046712024,0.0306042325286895,0.0359493813925294,0.0405050480046399,0.0432169391449958,0.0436039234872302,0.0419971936510605,0.039594865399488,0.0380878420609588,0.0385339692026487,0.040296709701175,0.0415711850739628,0.0407105775419659,0.0369310926336875,0.030388789747777,0.0220166463712134,0.0134500457103178,0.0080427826300153,0.0101171168895016,0.0147507599012448,0.0186213672551048,0.0216565147199098,0.02447271907452,0.0274955386034183,0.0306078376749726,0.0332846422176149,0.0349351862813867,0.0351551557873621,0.033833111565128,0.031145569988371,0.0274844105611377,0.0233400833735355,0.0191926827661518,0.0154587413657922,0.0125216245832073,0.0107517635728858,0.0103172840176172,0.0109054652263051
203,0.0057141790877543,0.0049244224156925,0.0049224790476354,0.0041544952393586,0.0036227674009317,0.0072790460940318,0.0125377761978174,0.0166521772357563,0.0178621797640648,0.015729713982531,0.0115469352481947,0.0080271858146194,0.0074579439343113,0.0080989900215579,0.0081663782362755,0.0088096464908729,0.0112065877737833,0.0138301393035226,0.0147669979344546,0.0133121515207317,0.0101869787040566,0.0080448084009304,0.010079802068713,0.0143097356317217,0.0183763228561967,0.0220222235270508,0.0259765682246393,0.0308014832562763,0.0361276838606067,0.0408688124116778,0.0439029797472095,0.0446044552535451,0.0431396012491592,0.0405719545571959,0.0385870414248017,0.0384715240981305,0.0398904594867334,0.0411248438714155,0.0404275373342764,0.0368814216308342,0.0305436307787531,0.0222948823837317,0.0137629510768577,0.0083114471896793,0.01032625528335,0.0150257374842162,0.0189680027717517,0.0220093478595217,0.0247565632435008,0.027677610029645,0.0307130201081587,0.0333691879694041,0.0350525695680202,0.0353365121233657,0.0340832005721506,0.0314485319021734,0.0278138975155142,0.023668727880764,0.0194972020727069,0.0157210470215214,0.0127289812952835,0.0109028797261116,0.0104325214289923,0.0110194423222601
210,0.0059136242793197,0.0049545103792326,0.0051376846623432,0.0046239201699905,0.0038729021009854,0.0071458237315586,0.012509291563022,0.0168878180783116,0.0183357199534649,0.0162726380366822,0.0119068095143947,0.0079820205623426,0.0072028304958214,0.0079390349198647,0.0080126362652329,0.0085602088155819,0.0110565220295428,0.0139580250539037,0.015170407051128,0.0138591096101908,0.0106485056836229,0.0081013701384284,0.0098117789025971,0.0140341465636783,0.0180965744934727,0.0216554590067789,0.0255163823362821,0.0303508511087849,0.0357991217486211,0.0406971938503386,0.0438428192540944,0.0445706843129179,0.043057072654411,0.0404251969256488,0.0384547491379553,0.0384907499039143,0.0401466121646132,0.0416036319959632,0.0410553536087186,0.0375691519789063,0.031208953467069,0.0228683455669289,0.0141682709642353,0.0083629436568845,0.0100795934067173,0.0147586984811768,0.0187105579653681,0.0217614836506338,0.0245438197121369,0.0275504374847256,0.0307220478856389,0.0335436559056716,0.0353935545722531,0.0358190148017809,0.034662414911452,0.0320684907684444,0.0284169966630147,0.0242042235701836,0.0199267589786799,0.01602267895306,0.0129030134983536,0.0109855845650954,0.0104979992718879,0.0111368704448001
217,0.006271001353999,0.0052864686317358,0.0053568196751107,0.0047206168192461,0.0038145495655751,0.007113417983373,0.0125850425799475,0.0170546412114057,0.0185500517696298,0.016480216094502,0.0120630835193787,0.0080399874846645,0.0070906585822487,0.0076432605529909,0.0075937284138914,0.0083351988052907,0.0112593981824058,0.0144323785125339,0.015696037829269,0.0142669491759333,0.0108512579801947,0.008103766364691,0.0096823558741298,0.0136918343329237,0.0174010669393789,0.020626187637357,0.0243995522620802,0.0294223660004651,0.0351209087940372,0.040128734433278,0.0431889284554034,0.0437109770486838,0.0420357354989521,0.0395000367767861,0.0380295083654539,0.0388308791779138,0.0411548419556741,0.0429738378656148,0.0424980430783884,0.038891104648811,0.032309593473709,0.023708026739209,0.014699398753145,0.0083163515638111,0.0094710303495965,0.0140429721100076,0.0179650153643722,0.0210530848181001,0.0239847371860116,0.0272505308988872,0.0307351117961056,0.0338597135066027,0.0359604362245474,0.0365625827948635,0.0354995470147712,0.0329161383104395,0.0291996514330525,0.024860291309198,0.0204132528945398,0.0163200571709853,0.0130246876626459,0.0109971828641402,0.0105133330996112,0.0112463507812504
224,0.0066864656253479,0.0057575401968919,0.0055389744393413,0.0045557381010817,0.0035580509162456,0.0071714439511874,0.0127294582254418,0.0171613212124801,0.0185796100132178,0.0164636031788889,0.0120889395129289,0.0081642144576165,0.007083593576241,0.0072948881515838,0.0070737015652458,0.008212571756252,0.0116707715509939,0.0150277878166137,0.0161858254093668,0.0145049650873679,0.0108571187763743,0.0080790482268532,0.0096691730167506,0.0133600247160979,0.0165393844289876,0.019326412740362,0.0230600034284067,0.0283844673539953,0.0343763351659039,0.0394384469442151,0.0423038047918459,0.0425242590601798,0.0406813851459369,0.0383915284333311,0.0377026222950228,0.03951520130209,0.0425961768077141,0.0447409453664309,0.0442436664712736,0.0404114980172755,0.0335220254468922,0.0246048642067451,0.0152678127548994,0.008292189717834,0.0087508791322333,0.0131665888721488,0.0170485505150087,0.0202032810818785,0.0233520843409014,0.0269553356906467,0.0308106846678935,0.0342641259675763,0.0366140331885549,0.037373493469912,0.036376567523022,0.0337754208262206,0.0299693621809984,0.0254845412330688,0.020855142376905,0.0165659158930253,0.0130938207913972,0.0109629113733125,0.0104973025842321,0.0113369143138763
231,0.007007432779039,0.0061453135815456,0.0056736134287928,0.0043519878990044,0.003307194724176,0.0072547357349959,0.0128602991742855,0.017218149766256,0.0185375224948309,0.0163764160034802,0.0120678686425727,0.0082799503210514,0.0071171804157011,0.0070259950625463,0.0066675917284928,0.0081855565384076,0.0120408728791944,0.0154879470676415,0.0165169035757642,0.0146127144068818,0.0107911730335908,0.00805424980314,0.0097045984233437,0.0131334535934207,0.0158659639796738,0.0182971348241675,0.0220332271384799,0.0276263803371669,0.033840732578221,0.0389165197883675,0.0416034161522692,0.04158131338396,0.0396350273829501,0.0376065557366395,0.0375986820972645,0.0402011611334091,0.0438160050860807,0.0461540197280179,0.045596472176188,0.0415639738948439,0.034425787376975,0.0252680388347256,0.0156974499249839,0.0083146840541681,0.0082080658238291,0.0124877626830386,0.0163414635161597,0.0195624432592466,0.0228987813784262,0.0267734472956696,0.0309100339617049,0.0346004596745069,0.037120787550055,0.0379802302498369,0.0370169669311206,0.034390873880909,0.0305112167483925,0.0259159349642368,0.0211526217968721,0.0167220272899824,0.0131241571846976,0.0109222791367991,0.0104756665848464,0.0113959510749526
238,0.0071035070353058,0.0062639068725626,0.0057156480144601,0.0042844345852946,0.0032275482504449,0.0072846424798285,0.012901618755516,0.0172325199302788,0.018518167908917,0.0163427103725238,0.0120577411860292,0.0083169079965081,0.0071316137834455,0.0069457954394245,0.0065460162720016,0.008187000482617,0.0121569301644048,0.0156247639491493,0.0166104755062248,0.0146368455194033,0.0107639557421732,0.0080464571812477,0.009720368226817,0.0130699937460898,0.0156645042602454,0.0179865703701154,0.0217284972192351,0.0274069741912491,0.0336868998833069,0.0387631660470049,0.0413937198976882,0.0412988335291696,0.03932639700098,0.0373869995914368,0.037592378347986,0.0404288906233563,0.0441940645116142,0.0465813940088868,0.0460003820505042,0.0419051455818064,0.0346917433764215,0.0254628640578529,0.0158253728854775,0.0083286610710488,0.0080487265294916,0.0122852557000336,0.0161312230951462,0.0193743984109824,0.0227696304199265,0.0267265720722906,0.0309460602080789,0.0347046859228727,0.0372729038156556,0.0381594276772944,0.0372040610848337,0.0345691610487922,0.0306670263823358,0.0260390123310008,0.0212365482667724,0.0167649178012781,0.0131307162783855,0.0109086351686718,0.010468305029675,0.0114124974512577
245,0.0069342012122884,0.0060556118474934,0.0056422826767095,0.0044018530689415,0.0033667746323879,0.0072333821088764,0.0128294021184588,0.017206478926017,0.0185504304562815,0.0164000432989813,0.0120745791957201,0.0082524325424374,0.0071074025875618,0.0070872326453182,0.0067602947329464,0.0081872719723385,0.0119538238595175,0.015383333933331,0.0164440243979474,0.0145921081212382,0.0108098620407158,0.0080601113427994,0.0096940160571452,0.0131831393319564,0.0160196503291613,0.0185331826867582,0.0222663716183809,0.0277959426501319,0.0339599640930862,0.0390343387626726,0.0417633858378001,0.0417967862971506,0.0398719487620994,0.0377788511598214,0.0376110882295094,0.0400341798543143,0.043531490975355,0.0458293897568105,0.0452881844745837,0.0413027541403334,0.0342217184226582,0.0251184716327241,0.0155997739956302,0.0083062664416813,0.0083305514737489,0.0126423840058656,0.0165022200703681,0.0197070039287019,0.0229992617843208,0.0268114831117815,0.030884463137622,0.0345220656105202,0.0370049754215651,0.0378429403169906,0.0368730377387826,0.0342532770264319,0.0303906403464076,0.0258204048225017,0.0210872111682064,0.0166882568594112,0.0131184623833355,0.0109322694523179,0.0104810492985555,0.0113830315390501
252,0.0065704491960465,0.0056215062194631,0.0054906473935563,0.0046168432085146,0.0036400241712065,0.0071486445845707,0.0126856210420754,0.0171363564578859,0.0185835694729291,0.0164823284193887,0.0120897550867999,0.0081259793749005,0.0070784124561208,0.0073922773706299,0.0072200401572279,0.0082357339167682,0.011545983987776,0.0148608146950973,0.0160574703047889,0.0144526107872337,0.0108686354810628,0.0080871714051971,0.0096645600755366,0.0134478515572481,0.01678201728226,0.0196942816118357,0.0234337294110639,0.028668002630847,0.0345783827126796,0.0396302230982857,0.0425552419572229,0.0428622473050304,0.0410625932050041,0.0386928028581604,0.0377721388711117,0.0392987168164136,0.0421750878933246,0.0442381589573252,0.043754444562875,0.0399900828167328,0.0331888825241677,0.0243596258921667,0.0151111174605643,0.0082931792520897,0.0089505271520257,0.013412256815749,0.0173051829929244,0.0204390483397208,0.0235239443933788,0.0270309316570505,0.0307832437679818,0.0341474471780697,0.0364313614835604,0.0371505314425893,0.0361381591629302,0.0335439562456425,0.0297637397182415,0.025319260332512,0.0207396151758075,0.0165034051680444,0.0130787690800884,0.0109751508269532,0.0105035655110231,0.0113136887861959
259,0.0061570673100266,0.0051684677670183,0.0052979235446167,0.0047281265738617,0.0038591365813451,0.0071118470515695,0.0125535711748398,0.0170135652816366,0.0185121121240017,0.0164500435929577,0.0120355070201426,0.0080140689753502,0.007109622608087,0.007738272447435,0.007732654688113,0.0083912367918842,0.0111707451216119,0.0142730682157501,0.0155431381626742,0.0141682779961698,0.0108179506854538,0.0081071523861327,0.0097053536091434,0.013792878023517,0.0176310816932706,0.0209696667529771,0.0247642380565667,0.0297169453848505,0.0353348286045139,0.0403169811603674,0.0434177178662397,0.0440152555417742,0.0423913069624595,0.039810235696776,0.0381550524599877,0.0386926060646287,0.0408002922872955,0.0425126265569717,0.0420264311341023,0.038469473449164,0.0319661276420446,0.0234504810379342,0.0145376895300084,0.0083313982176424,0.0096691144194569,0.0142790377776284,0.0182119014744685,0.0212858414014523,0.0241647263005314,0.0273429240635929,0.030725843772506,0.033755698722987,0.0357809867558319,0.0363323760744688,0.0352446842843753,0.0326616915373028,0.0289677932480574,0.0246687557066019,0.0202741166626237,0.0162383815930368,0.0129956243687499,0.0110000838882966,0.010513225776992,0.0112164847806177
266,0.0058383982890742,0.0049108338024324,0.0050710724035276,0.0045271793782101,0.0038334437593133,0.007174645396538,0.0125070691269933,0.0168277842162545,0.018228336862616,0.016154447976026,0.0118269837043043,0.0079841895875892,0.0072605269354854,0.0080000172370756,0.0080880967138152,0.0086335340137961,0.0110616129783541,0.013879026086641,0.0150352710100293,0.0137129993857742,0.0105430350783597,0.0080916810582795,0.0098748369675853,0.0141215435590118,0.0182246372118174,0.0218379696562705,0.0257276802802726,0.0305408238960665,0.035939018654167,0.0407962723315639,0.0439322868639913,0.0446806711658471,0.0431970312986884,0.0405691386151638,0.0385415559252112,0.0384616317922981,0.0399939527544106,0.0413653278731263,0.0407797641037545,0.0372960901865554,0.0309656518370077,0.0226722288183009,0.014038923835773,0.0083645374394612,0.0101948236720823,0.0148892925896801,0.0188436642710744,0.0218898411998514,0.0246499883087904,0.0276122700559546,0.0307235166826285,0.03348011204068,0.0352705838580627,0.0356496376380374,0.0344642880922993,0.0318613016337957,0.0282198707848515,0.0240334516473875,0.0197943022734968,0.0159348042587444,0.0128581378661045,0.0109696725779584,0.0104848351002006,0.0111036825034505
273,0.0056894219213312,0.0049792399259634,0.0048818467716121,0.0039642895418977,0.0035001650128693,0.0073304090172787,0.0125613193239425,0.0165715328957114,0.0176777606685457,0.0155083769252295,0.0114018560384886,0.0080575361318089,0.0075570423078116,0.0081187892433419,0.0081523607145821,0.0088714205604517,0.0113127723723446,0.0138732558769768,0.0146968171231602,0.0131471372522257,0.0100123935909375,0.0080164190956356,0.010177441778907,0.014373060184838,0.0183706815200077,0.0219854857058293,0.0259586283826285,0.0308115217431527,0.0361302495781137,0.0408205398478949,0.0437827187029804,0.0444234846780861,0.0429392083312298,0.0404115409012387,0.038516451939438,0.0384917089638438,0.0399505846585355,0.0411680703649596,0.040423015489433,0.036825741025047,0.0304514361434059,0.0221890698151203,0.0136681864507265,0.0082601011586598,0.0103118986811002,0.0150004228377655,0.0189291693521329,0.0219697040268173,0.0247275948126371,0.0276600174414841,0.0306965088001898,0.0333396972681629,0.0349994982974737,0.0352562780890007,0.0339793486316618,0.0313297427309756,0.027691086032266,0.0235524089744665,0.0193958813153717,0.0156406030950784,0.012671921966744,0.0108657987335342,0.0104040511086161,0.0109859351121184
280,0.0056902939496011,0.0053484920226128,0.004904903261541,0.0032627050147135,0.0029863089303041,0.0075193719810051,0.0126559438271781,0.0162420029573845,0.0168912230714482,0.0145345833603461,0.0107577607542506,0.0081958834988548,0.0079692111808571,0.0081295598242035,0.0079285025553233,0.0090226175267879,0.0118276387266017,0.0142693799550026,0.0146532400904539,0.0126285738871579,0.0093220276470175,0.0078775407419621,0.0105525898975703,0.0145540614271866,0.0181169718466759,0.0214362910039894,0.0254195620216968,0.0304389658364837,0.0358080937828095,0.0403075729044503,0.0428957042824449,0.0431447248500829,0.0414603298299705,0.0391144540653231,0.0378190693313951,0.0385374893540787,0.0404914076974082,0.0418237632302104,0.0409202359602416,0.0370507755242282,0.0304154200207861,0.0219730008434495,0.0133624452826064,0.0079200490267953,0.009985050285188,0.0145880780033471,0.0184254762016362,0.02145535727252,0.0243043016556541,0.0273837339337843,0.0305512227297384,0.0332645415524172,0.0349294118624704,0.0351466641961364,0.033812823117626,0.0311112482121925,0.0274378406672262,0.0232843522497754,0.0191309683124987,0.0153946239755677,0.0124602869991017,0.0106997304569586,0.0102780630002636,0.0108756354238954
287,0.0057645581195675,0.005826174896191,0.0051895544893169,0.0028258576128335,0.0025299081510056,0.0076521494850475,0.0126880652878145,0.0158397346529447,0.0159760566479834,0.0133716725875294,0.0099658413656817,0.0083136890828391,0.0083975436478173,0.0081160847851229,0.00755842604782,0.0090668691850646,0.0123826566023373,0.0148557822029093,0.0148685031427407,0.0123094568763243,0.0086722575197367,0.0077093251327036,0.0108973028289601,0.0146916217053035,0.0176898671125118,0.0205262996316594,0.0244226217334462,0.0296317323393888,0.0351016055816919,0.0393947254427617,0.0414865239384922,0.0411430912626484,0.0390863491279,0.0369439853522248,0.036554318529082,0.0384559168513981,0.0412553917867371,0.0428803925002364,0.0418400864213148,0.0376150554591346,0.0305864191059798,0.0218267319498091,0.0129960631169996,0.0073603347153102,0.0093936237078141,0.0138693425137524,0.0175495180022691,0.0205377353356227,0.0235173975841799,0.0268454154881506,0.0302707864952305,0.0331745054019872,0.0349415957122653,0.035187959032132,0.0338373929999581,0.0310974708613275,0.0273788364163431,0.0231787326232659,0.0189795979527426,0.0152039076585486,0.01224999224369,0.0105066232401853,0.0101371529314273,0.0107908989340608
294,0.0058668919990472,0.0061623092332044,0.0054801053120879,0.0027503386192273,0.0023008228854545,0.0076802089880545,0.0125868375253651,0.0153712174259005,0.0150665532761054,0.0122302786836326,0.0091577993207235,0.0083177161600375,0.0086967005817816,0.008125047827341,0.0072609814268381,0.0090527917693242,0.0127488233112879,0.0152928204647791,0.0150963185930852,0.0121769291991266,0.0082610377548505,0.0075979141223054,0.0111202689958967,0.0147657141691398,0.0173179932262712,0.0197213769114335,0.0234961716964753,0.0288233422257049,0.0343371380892903,0.0384011376687967,0.039983825080749,0.0390107053689736,0.0365215489173524,0.0345618258269911,0.0351224177375052,0.0382270987640298,0.0418516260762423,0.0437542020195435,0.0425739640663865,0.0379913636217585,0.0305647520163635,0.0214862385854622,0.0124528952577769,0.0067257906478169,0.0088796653195991,0.0132218929639993,0.0167011273951636,0.0196094258044384,0.022700167125715,0.0262693801326423,0.0299494516093163,0.0330441207637131,0.0349193199180149,0.0352056686372091,0.0338522357378031,0.0310878486948865,0.027334837853835,0.0230935070941359,0.0188477079085386,0.0150271505649434,0.0120487225538952,0.0103262680075185,0.0100244309457503,0.0107547798989447
301,0.0060483091334644,0.006211850327053,0.0054397119875258,0.0026555933067712,0.0024360086565526,0.007707784489447,0.0123903447562809,0.0148604413586364,0.0142586778204142,0.0113070036947655,0.0084957912886932,0.0081673855569451,0.0087419497815622,0.008124359284303,0.0072247099414068,0.009094969037233,0.0128129958416711,0.0152950507407626,0.0150073415410859,0.012024990122135,0.0081504535106297,0.0076695582308006,0.0112042227832193,0.01471587062593,0.0170894248657343,0.0193704338515809,0.0231409592601174,0.0284897432330667,0.033910837184786,0.0377027403120289,0.0388531628708976,0.0373937721618025,0.0345842292414858,0.032779088544788,0.0340385334471125,0.0379318762413784,0.0420149404668745,0.0439917377926869,0.0426208921201988,0.0377330393818656,0.0300171966306107,0.0207570093714236,0.0117030056664903,0.0062825845008715,0.0088021094204407,0.0130101478540035,0.016293111426738,0.019113080698469,0.0222611130823277,0.0259663674441184,0.0297707370722352,0.0329325555536646,0.0348176522335254,0.035077932164671,0.0336867145396184,0.0308893770644433,0.0271140094083335,0.0228583579422299,0.0186034602421863,0.0147837685366413,0.0118325945248095,0.0101807821628711,0.0099763563046143,0.0107870289552662
308,0.0063947276355536,0.0060291011379278,0.0049317804737132,0.0023258321116953,0.0031757044762955,0.0080074683527038,0.0122577758056954,0.014357841017578,0.0135717338824561,0.0106900874653527,0.0081217817650993,0.0079236771580288,0.0085008896238557,0.0080467193212331,0.0075063442836942,0.0093479066385292,0.0126563691466549,0.0147877940313216,0.014391351439127,0.0116115536887716,0.0082398141650678,0.0080231228564965,0.0112326487451238,0.0145207007765535,0.0169672065173109,0.0195555589663717,0.0235812991813788,0.0289170271302013,0.0341004210198152,0.0375573800912874,0.0383840681325526,0.0367036208447544,0.033864602968749,0.0322651583455184,0.0338207724047015,0.0378432822586902,0.0418171019928833,0.0435294406611333,0.0418495919174801,0.0367048886481693,0.0288561850032848,0.0196362764407765,0.0108752500802682,0.0063552660202214,0.0093300892515466,0.013394715884608,0.01655264647267,0.0193435580679856,0.0225146700572589,0.0262162957176272,0.0299486038018191,0.0329771013945092,0.034699103897309,0.0348016969485804,0.0332855025178454,0.0304098478044556,0.0266032899097512,0.0223553987507822,0.0181397990689449,0.0143923933376592,0.0115577377687783,0.0100633535031004,0.0100027826015706,0.0108908038431033
315,0.0068560404629268,0.005806709592927,0.0040913187202355,0.0020490750126942,0.004457801136782,0.0087678847169359,0.0123557632603109,0.0139237195818569,0.0129636988004599,0.0103220409164587,0.0080787557871475,0.0077341542426715,0.0080663436875333,0.0078596075472264,0.0080061007604765,0.0099004364931895,0.0125232552741987,0.0139643807995722,0.0132877548411371,0.0108315320363813,0.0083656600062321,0.008635625872044,0.0113454679814608,0.0142602547114595,0.0169025467587133,0.0201245130918644,0.0246607398762038,0.0300300061160755,0.0348942604985141,0.0379573686672321,0.0385457724572566,0.0369210858022196,0.0344356477100936,0.0332450207775515,0.0348411104941442,0.0384270946953107,0.0417343468213097,0.0427893964840257,0.0406040385361285,0.0351814319297871,0.0273142802082908,0.0183529366255923,0.0102503283035042,0.0070776072217759,0.0103396982877941,0.0142633114612547,0.0174135272603278,0.0202958520553127,0.0235178465776018,0.0271272143893332,0.0306221649809136,0.0333253130346573,0.0347007662938825,0.0344906836832801,0.0327320480106878,0.0297004906307078,0.0258234988343255,0.0215796935744932,0.0174328799397927,0.0138193571612786,0.0111906594288876,0.0099454699722333,0.010078018515748,0.0110415113776039
322,0.0071897044084,0.0056583314120371,0.0032221889669011,0.0022593913224009,0.0058490047872148,0.0098009964642799,0.0126740907990266,0.0135801588215658,0.0123798191138024,0.0100551659531302,0.0082565348903858,0.0077241177656798,0.0076252327024949,0.0075975922578796,0.0085332992627541,0.0106501602977007,0.0126301676602064,0.0131932775028297,0.0119903409616002,0.0097789498211289,0.0083942366732192,0.0093406970896243,0.0116354217176563,0.0140968683640545,0.0169067802667103,0.0208254922463061,0.0259540791864289,0.0314121717545103,0.0359571503443769,0.0386065531434441,0.0390038687273674,0.0376243770705343,0.0358081576058094,0.03530285828908,0.036989999752621,0.0399529051967609,0.0422887080581123,0.0423880415904158,0.0394820833115268,0.0336806220662273,0.0258095965898622,0.0172333334272183,0.0100510820499043,0.0081911116115816,0.0115137141572223,0.0153202578768058,0.018570106294984,0.0216632879487156,0.0250076386909037,0.0285252064388071,0.0317215886993297,0.0339994659989243,0.03491308925729,0.0342778623816853,0.0321789795632883,0.0289148482859391,0.0249145632090541,0.0206466466869934,0.0165658267466832,0.0131109295116274,0.0107391779064115,0.0097981976700094,0.0101503089199277,0.0111869117011266
329,0.0071114373287265,0.0054694300686313,0.0025939601045284,0.0027646578264969,0.0069075236611738,0.0106612846906197,0.0129757737305528,0.0132687505101539,0.0117896593519088,0.0097503606082839,0.0084418820799003,0.0078678987291874,0.0073576709236494,0.0073549196600716,0.0089095869963231,0.011326139137143,0.0129396279274358,0.0127625753060514,0.010916873614415,0.0087133035297228,0.0082578443329928,0.0099110010251825,0.0120633841342073,0.0141819676285887,0.0170524263585821,0.0214521458649008,0.0270108767607608,0.0325263849204956,0.0367873081821906,0.0390563571677695,0.0392906639357381,0.0382178724552119,0.0371865899466789,0.0375219295708561,0.0394899506286556,0.0419931792686054,0.0434149225643194,0.0425142203811141,0.0387938921870587,0.0325213783658859,0.0245896743745749,0.0163948422681914,0.0101412448841187,0.009236649076859,0.0125102767143695,0.01623420563185,0.0196332364076247,0.0229888200194995,0.0265063985090959,0.0299805858448336,0.0329152783872466,0.0347862333778608,0.0352383279052757,0.0341651141584442,0.0317058876472971,0.0281866172825247,0.024041068157873,0.0197293849278108,0.0156982280047048,0.0123905140537118,0.0102683960270277,0.0096180191612885,0.0101687856245848,0.0112642800066608
336,0.0064807585149498,0.0050324889568528,0.0022986387911527,0.003241143366413,0.0074160427212374,0.0109921178236415,0.0129623330371637,0.012867079669243,0.0111906512445972,0.0093473333515318,0.0084412843909149,0.0079924933398117,0.0073127069815723,0.0072515641195234,0.009063326246602,0.0116602233242017,0.0131646623790662,0.0126323390622212,0.0103507394753356,0.0079705660319104,0.007994197667578,0.0101764436468753,0.0124730472832182,0.0145467076543415,0.0174329317789276,0.0219602048279131,0.0275955713418637,0.0330028698246209,0.0369803243147962,0.0389304632170416,0.0390306551285528,0.0382155533170358,0.0378506617229445,0.0389266587909461,0.0412348944846828,0.0435028791397893,0.0442742000541636,0.0425780753437437,0.0381581899101774,0.0314481885791279,0.0234299520058262,0.0155469500463986,0.0100675465514076,0.0098580612060329,0.0131166217362291,0.0167883880269566,0.0203102650309784,0.0238801997425884,0.0275452232641435,0.0309976228918829,0.0337341831797021,0.0352850343509291,0.0353689903964482,0.0339471844023574,0.0312073251154558,0.027500244374808,0.0232629164236542,0.0189451684099224,0.0149815773298224,0.011811656463664,0.0098914465090631,0.0094479973443853,0.0101187920758315,0.0112320522043934
343,0.005398425834652,0.0042673653354015,0.0023458882804115,0.0037620604658955,0.0074918888024204,0.0107435787163943,0.0124863042003725,0.012266617246802,0.0105905279655985,0.0088808400052947,0.0081817845543984,0.0079146522395059,0.0073754183035847,0.007361071632736,0.009072426744033,0.0115540649239916,0.0130083014606598,0.012484851461896,0.010219262504237,0.0077948238568158,0.0077944174557788,0.0101268266926987,0.0126960631610856,0.0150597751275444,0.0180772882183298,0.0224762926389648,0.0278044673181399,0.0328382983647278,0.0364526617003549,0.0381232730525783,0.038118756536455,0.0374549879347178,0.0374712373419369,0.0389432540985499,0.0413992894283654,0.0434793501328416,0.0438187984160971,0.0416075287193912,0.0367449674922694,0.0297813191022481,0.0217670790108753,0.0141979457174403,0.0094631357030225,0.0100140032617286,0.0133884251087195,0.0170184773707444,0.0205662783010027,0.0242066494221985,0.0278955997649862,0.0312666372437554,0.0338173251849749,0.0351188569437091,0.0349446603217705,0.0333058960824771,0.0304252768218306,0.0266690383029248,0.0224707733988741,0.0182636599860401,0.0144601397052894,0.0114752852759414,0.0097257453318112,0.0093779385762401,0.0100479418991116,0.0111026377809404
350,0.0042178900510137,0.0032884959879845,0.0026759175776831,0.0044925900555552,0.0075105312984781,0.0101949901066403,0.0116555133067516,0.0114575748187372,0.0099944394312028,0.0084447744469269,0.0077462788616806,0.0075695641407292,0.0073666439108493,0.0076283299271917,0.0091019217172512,0.0111411406982579,0.0123841912147736,0.0120152516570347,0.010180787942295,0.0081301439463067,0.0079373081460864,0.0099636399229508,0.0126773823073809,0.0155030607438151,0.0188593961015988,0.0231325303408232,0.0279536895069299,0.032379549070878,0.0354947730308222,0.0368688658852852,0.0367753302007632,0.0361649176596361,0.0362502318681474,0.0376666532646892,0.0398845411797679,0.0415953859956511,0.0415357128147194,0.038993829257977,0.0339439986591872,0.026980430330815,0.0191751782630296,0.0120918661554954,0.0084359945514364,0.0100913665565908,0.0136938851338125,0.0172523546018985,0.0206858970313101,0.0241940890075408,0.0277055760443103,0.0308442564506536,0.033128857726021,0.0341704221175584,0.0337854197797615,0.0320207953009895,0.0291210593290004,0.0254578553651444,0.0214540866096162,0.0175196778887886,0.0140331022103089,0.0113570299610988,0.0098185605401846,0.0095008088856375,0.0100561271583289,0.0109540993429636
357,0.0034539627325927,0.0023457223770235,0.0030320144714639,0.0052872895460006,0.0077552369748913,0.0097604359236859,0.0107810074507746,0.0105611005902713,0.0094111317617608,0.0081186396141155,0.0073281014602112,0.0070587628485012,0.0071732767190258,0.0078779716488892,0.0092421927599715,0.0107028378586277,0.0114799695239161,0.0111510066072389,0.0099142959001517,0.0086315802774596,0.0085180963495784,0.0100144854322002,0.0125496621824487,0.0157239964042269,0.0195232092282546,0.0238533304713151,0.0282585727487962,0.0320396406866339,0.0345733329721874,0.0356051447499951,0.0354208259970879,0.0348251814089643,0.0347953584937275,0.0358112888784316,0.0373994256577219,0.0384365676575362,0.0378298966479761,0.0349698217208296,0.0298687261620877,0.0231136723033992,0.0157666384756681,0.0095558181792685,0.0077643903458413,0.0107142480201827,0.0144852507380338,0.0179060660056535,0.0211058341967269,0.0243034888387299,0.0274326568876763,0.0301471961320046,0.0320136221593081,0.0326935233540767,0.03204641976514,0.0301498787184242,0.0272640876364342,0.0237620803486864,0.0200545615115961,0.0165272017170587,0.0135167192569429,0.011307045513711,0.0100889722604779,0.009830257899144,0.0102295256744635,0.0108958667071125
364,0.0033614937199558,0.0017660713162635,0.0031447087503897,0.0057991357636683,0.008097271700234,0.0096233923121628,0.0101607781979481,0.0097722876577474,0.0088666454530296,0.0079037104030457,0.0070981533050968,0.006608598207012,0.0068264368149374,0.0079357268891328,0.0094015626351133,0.0104500635680086,0.0106494025330603,0.0100947674881078,0.0093078921172152,0.0089152019124439,0.0092721020773597,0.0104537635291854,0.012572583368228,0.0157557728157735,0.0198505640020199,0.0243533144511971,0.0285852176245469,0.0319171284849758,0.0339534784414736,0.0346545036894389,0.0343848982806176,0.0338319630202499,0.0337041074228478,0.0342641114586149,0.035071212275532,0.0352306574063851,0.0338913819100381,0.0306008840177464,0.0254342606321762,0.0189781616191246,0.0123273422180844,0.0076596664257408,0.0083436985457601,0.0120949850348057,0.0158346959956721,0.0190740461307245,0.0220187743577195,0.0248551323897315,0.0275110005587812,0.0296828243581089,0.0310033763643521,0.0311992955745743,0.0301811435739358,0.0280604991955152,0.0251156788915312,0.0217261082490498,0.0182998866466349,0.0152104056684671,0.0127566385351755,0.0111267860178422,0.0103456199538758,0.0102467510663134,0.0105498154897713,0.0109870120353587
371,0.0035604090521854,0.0018162230172686,0.0029984529668867,0.0058203647195392,0.0081797232791489,0.0095675403805416,0.0098200304706522,0.0092182441971555,0.0083975722486092,0.0077272729534598,0.0070614399351512,0.0064214650561007,0.0065015204285793,0.0077600062855958,0.0093960799778678,0.0103404027576888,0.0101529923717604,0.009213805808043,0.00850601492527,0.0087758415511646,0.0097831868883383,0.0110854895643087,0.0129002168674426,0.0157916772465707,0.0198273102894409,0.024376083439759,0.0285655057011619,0.0316996290064986,0.0334588019410121,0.0339481986165545,0.0336382957632202,0.0331820122196928,0.0330913220791199,0.0334069144383207,0.0336361901531487,0.0330337198777224,0.0309767626761195,0.0272081353133421,0.0219235573847268,0.0157802266309139,0.0100527685444607,0.0074941500038616,0.0098439895464767,0.0137059934213384,0.0172689834251176,0.0203433944497074,0.0231101100612743,0.0256789653446957,0.0279425860180406,0.029623080294475,0.0304143159546757,0.0301090578746021,0.0286712307162551,0.0262476557301708,0.0231365079491211,0.0197297531900311,0.0164487919303552,0.0136827415907399,0.0117219076229421,0.0106675296665005,0.0103730203433317,0.0105355627442125,0.0108638088190435,0.0111628177228154
378,0.0035942890713517,0.0023044507506154,0.0029394493368363,0.0054704407535526,0.0078169152443206,0.0092525455642911,0.0095018553536822,0.0088367471578582,0.0080126057227492,0.0075055041733512,0.0070622522513271,0.0064920351973024,0.0063993225050893,0.0074856091507988,0.0091337092992085,0.0101520816912928,0.0099307411439469,0.0087731759420548,0.0078459526608011,0.0082903409281582,0.0097938249192739,0.0115069832337906,0.0133782923781822,0.0159817926805108,0.0196419456715602,0.023919401752317,0.0279491611499783,0.0309745387802401,0.0326436989299805,0.0330836669379668,0.0328109915499528,0.0324825690716939,0.0325212309569564,0.0328278773319346,0.0328349348947971,0.0318450601922308,0.0293689419931443,0.0253024589909559,0.0199731116370761,0.0141607505697878,0.0093735498698388,0.008320461132435,0.0111045917833096,0.0147617147236239,0.0181167412013603,0.0210716686943207,0.0237542877250784,0.0261942241449108,0.0282371001895362,0.0296104551951908,0.0300484094067787,0.0293932344706804,0.0276486450357882,0.0249840240896246,0.0217042501111094,0.0182018669217491,0.0149084249443199,0.01224867551134,0.0105575978933174,0.0099120103863303,0.0100327277644215,0.0104904342567035,0.0109535473202746,0.0112460315647782
385,0.0033039281279708,0.0028335448460787,0.0033289796392008,0.0051560659182376,0.0071597633640552,0.0085539392470466,0.0089370790852398,0.0084231647820528,0.0076562400812882,0.0071935907056347,0.0069308829990354,0.0066103491180395,0.0065434474666888,0.0073231861449271,0.0087054961474371,0.0097234469382342,0.0096908789941603,0.0086798030242091,0.0076169533969243,0.0077977562560503,0.0093652401244206,0.0114453404898211,0.0136496861926886,0.0162289718872437,0.0194825489094552,0.0232256773691333,0.0268255417895149,0.0296080237055977,0.0312006541204045,0.031674529613146,0.0314952873946764,0.0312823636290926,0.0314225935468268,0.0317792715874118,0.0317654701880191,0.0307012208185215,0.0281476811072543,0.0240666701297987,0.0188502207888551,0.0133387147294521,0.0091062365437839,0.0085772528208265,0.0113125847716539,0.0147424966344481,0.0179264735213049,0.0207959008030881,0.0234389252859897,0.0258308692484547,0.0277855430956708,0.0290340237312981,0.0293374598948841,0.0285701688585772,0.0267571926557198,0.0240708642740652,0.0207994289300628,0.0173057509399231,0.0139929867180695,0.0112865036100588,0.0095799388646566,0.0090303715430189,0.0093479920676115,0.0100200868573301,0.0106524830299091,0.0110419850520986
392,0.002742991444702,0.0031256828908333,0.0039467723221028,0.0051979230787617,0.0065740852352103,0.0076490681581401,0.0080706476785474,0.0078052938278109,0.0072261185106206,0.0067854276869459,0.0065973754670893,0.0065543704130161,0.0067309254681451,0.0073483120403068,0.0083092294448573,0.0090928025489192,0.0092054539455042,0.008582837547465,0.0077492384851203,0.007659150055373,0.0088556006639465,0.0109518888536158,0.0134589904441798,0.0162424313237865,0.0193151898243031,0.022536800645667,0.0255304917913951,0.0278494871132153,0.0292129831236494,0.0296596167715583,0.0295520810188527,0.0293999178273972,0.0295311159655144,0.0298230490457997,0.0297444270360854,0.0286684258640315,0.0261860454413326,0.022263889346773,0.0172742319688785,0.0120067931930622,0.0079675889770572,0.0075998662215209,0.0103455631574548,0.0136551152605458,0.0167148560855371,0.0194949657204128,0.0220722266421109,0.0244014602313048,0.0262918322582625,0.027491879150755,0.0277921274764146,0.0270942883065125,0.0254364922501583,0.0229829897920501,0.0199896371236044,0.0167652093815127,0.0136426425000591,0.0109768332416076,0.0091356668608945,0.0083717658209573,0.0085561745526782,0.0092272227834442,0.0099454454375866,0.0104500130804485
399,0.0021012142775358,0.0030382138801901,0.0043118549555297,0.0054228858653984,0.006288611791405,0.0068642016312374,0.0070883093255411,0.0069740476487692,0.0066448190647916,0.0062881216682759,0.0061009840240756,0.0062342760909716,0.0067159846933305,0.0074039455896531,0.008054131738492,0.00844611705904,0.0084781236980648,0.0082067234477436,0.0078691309611828,0.0078752538854122,0.0086570371375566,0.0103743803829436,0.0128578872970511,0.0158063419830854,0.0189070201680839,0.0218481873315174,0.0243277627161476,0.0261049055879527,0.0270772539981124,0.0273443751011503,0.027203137781826,0.0270258154903498,0.027030439110674,0.0270913104930484,0.0267678614797139,0.0255404388733035,0.0230636386876962,0.0193065328718036,0.0145838431257988,0.0095649730029095,0.0056649810066207,0.0058124351425424,0.0088987875089724,0.0121646240925332,0.0150732366409982,0.0176868146457741,0.020096108503424,0.0222572217023233,0.0239939603008803,0.0250866308950208,0.0253651784518667,0.0247664118985455,0.0233483854044785,0.0212722948660191,0.0187625488453303,0.016067083132804,0.0134291449771458,0.0110892014597598,0.0092953267753387,0.0082706302925483,0.0080614582145793,0.0084346467814907,0.0090271655472155,0.0095430969260853
406,0.0017058865609632,0.0026189045721438,0.004176351462787,0.0054149171389666,0.0061428939898121,0.006376452873693,0.006276202642019,0.006096422431169,0.0059321747340217,0.0057148396461697,0.0055351390336556,0.0057103925450394,0.0063887895930589,0.0072550023538627,0.0078406600472574,0.0079318411370113,0.0077017418910253,0.0075311835591103,0.0076596730926199,0.0080743818114842,0.008796463486914,0.0100793246762688,0.0121756062630774,0.0149865625366743,0.0180800663378475,0.0209420228554589,0.023171941772732,0.0245737105512284,0.025169335057533,0.0251659589350183,0.0248769965861073,0.0245894277768178,0.0244023899709106,0.0241412581891972,0.0234274516000589,0.0218642001413913,0.0192143182310499,0.0154948877464853,0.0109933169109371,0.0062801777585084,0.0030058213301904,0.0049812598247264,0.0084188639377388,0.0114539681219155,0.0140286542245335,0.0163028367229969,0.0183781726822642,0.0202094083950037,0.0216326777643374,0.0224590606119399,0.0225610693599239,0.02192032874246,0.0206323085267194,0.0188779718479231,0.0168731488121269,0.0148193920420185,0.012870657008958,0.0111383302810163,0.0097150756025532,0.0086971017127186,0.0081539225114361,0.0080633436003646,0.0082801771413314,0.0085941191517824
413,0.0018030373870568,0.0021779163404364,0.0036370409050571,0.0049832179698172,0.0058225180097182,0.0060450291587704,0.0057764815640004,0.0054106624607075,0.0052252070473452,0.0051090188363244,0.0049852257734607,0.005132234511736,0.005822762402904,0.0067934697561421,0.007471159936084,0.0075114276752357,0.0070755634116433,0.0067608040990188,0.0070741367911948,0.0079048115974859,0.0089077588221661,0.0100780187107789,0.0117395461324686,0.0140996839079082,0.0169197398878679,0.0196622044709336,0.0218157240779811,0.0231016073161766,0.023528585354874,0.0233431047476822,0.0228989863347895,0.0224752484165288,0.0221110207377765,0.0215753441993402,0.0204962358011988,0.0185517949863844,0.0156071870965355,0.0117645424841839,0.0073579822200008,0.0030936927829172,0.0029684803748138,0.0064792375992055,0.0096458927866287,0.0122046255573824,0.0142894965983791,0.0160939426396079,0.0177170376402319,0.0191055187719346,0.0200959163396424,0.0205132526863124,0.0202570715173569,0.0193472800337947,0.0179269463401237,0.0162279525896209,0.0145066628624654,0.0129685679579442,0.0117081981093702,0.0107092281190819,0.0098988493360103,0.0092213716119162,0.008670433728166,0.0082771987634682,0.0080620649170257,0.0079883737955402
420,0.0021260683657325,0.0021638411380692,0.0031129598547917,0.0043054211411451,0.0052244442968351,0.0056178550271975,0.0054545517798315,0.0050257265005872,0.0047078015999245,0.0045667287858393,0.0045038199949071,0.0046415645635344,0.0052170444813057,0.0061141917375054,0.0068518817528607,0.0070199179432197,0.0066179503487647,0.0061521704935171,0.0063310243310012,0.0073031743641149,0.0086318601633538,0.0100177500783576,0.0115415521946537,0.0134399026215504,0.0157394670363637,0.0181236726422475,0.0201295391706779,0.0214115834183753,0.0218827596636273,0.0217197114241199,0.0212508326287,0.0207621328432619,0.0203023576648919,0.0196367451418213,0.018389085362952,0.0162542233719332,0.0131394630088095,0.0092085329099437,0.0049127979761659,0.0021647070843887,0.0050325867630242,0.0085319524901646,0.0114193133879588,0.0136525638017751,0.0153952313640808,0.0168449453728028,0.0181016959115814,0.0191161693683909,0.0197300221433626,0.0197714410425781,0.0191415705078398,0.017865199547435,0.0161034633012982,0.0141322470500083,0.0122876764123297,0.0108713840719661,0.0100213672068183,0.0096429674657332,0.0094956450786671,0.0093585112936133,0.0091167981491298,0.0087615570443415,0.0083476959530675,0.0079383153133902
427,0.0023064456792886,0.0025302098151882,0.0030582192361081,0.0038180840894339,0.0045538584190912,0.0050190485505901,0.0050758223419838,0.0048059590620397,0.0044503592424469,0.0042004227873328,0.0041274381870102,0.0042932340955102,0.0047643325768092,0.0054553203301378,0.0060869036485369,0.0063589917124151,0.0061744692088013,0.005783819048876,0.0057528928563574,0.0065137647366866,0.0079139205902357,0.0095640672999093,0.0112543826508096,0.0129855925145817,0.014809883491035,0.0166538309888567,0.018284997811145,0.0194410049859678,0.0199841838585531,0.0199775175594195,0.0196424196967812,0.0192145481561007,0.0187605820573476,0.0180972743060709,0.0168882957888436,0.0148429250896738,0.011871865211005,0.0081638237210297,0.0043539092848405,0.0032198867342802,0.0062517405584961,0.0095952784702763,0.0123829824638715,0.0145477832755904,0.0162209269649766,0.017571228737705,0.0186884274295476,0.0195349225832998,0.0199739762632414,0.0198473558356081,0.0190518774468465,0.0175892594942616,0.015586786319878,0.0132918093900237,0.0110516987864528,0.0092704674966743,0.0082819183264535,0.0081136367686356,0.0084317131212142,0.0088300795792796,0.0090528547184294,0.0090076265568223,0.0087111672409105,0.0082308610289789
434,0.0021983198169684,0.0028110931033368,0.0033509941034413,0.0037914735720269,0.004148357225586,0.0044084242900525,0.0045472470525281,0.0045231311534731,0.0043182972595236,0.0040321004056427,0.0038846631381356,0.0040578719903429,0.004511110372849,0.0050276006023135,0.0054186796164013,0.0056105715967927,0.0056117951464099,0.0054990128859979,0.0054860991006164,0.0059222547375425,0.0070334444391439,0.0086940724253136,0.0105875207735712,0.0124379957410638,0.0140943538370965,0.0155039110542504,0.016637624406868,0.0174471933981246,0.0178888184947933,0.0179817096581953,0.0178254561605752,0.0175421471206842,0.0171631253203147,0.016555272636166,0.0154617340083829,0.0136420894893804,0.011010611376781,0.007731436754121,0.0044189070135693,0.0034395568363239,0.0060551288425499,0.0091886283503525,0.0119282913315856,0.0141531875676732,0.0159357911042328,0.0173871478050428,0.0185643620634091,0.0194340926981257,0.019891084369409,0.0198102905042734,0.0191026071729223,0.0177535106840549,0.0158431227969757,0.0135443615327392,0.0111155757948359,0.0088982399073429,0.0073109308522831,0.0067014598741591,0.0069833148030486,0.0076629699752831,0.0082978679234955,0.0086633097939379,0.0086941242149129,0.0084093355922266
441,0.0018450648277972,0.0027401593870853,0.0035033947175853,0.0039512235335942,0.0040893629398188,0.0040163616052485,0.0039708021899764,0.0040658535555458,0.004101417155171,0.0039378942113426,0.0037587730943482,0.0038866043149436,0.0043554164059648,0.0048329766218932,0.0050335158506341,0.0049894525179747,0.0049622526216344,0.0051090999745698,0.0053644979138664,0.0057189407810174,0.0064156705567741,0.0077212314852134,0.0095583997016446,0.0115511373521051,0.0133086318403153,0.0146032881282467,0.0154012265238408,0.0158007877690878,0.0159387401239615,0.0159277489585084,0.0158328082345539,0.0156650396010044,0.0153654851668066,0.0147975526068703,0.0137753992481733,0.0121380675912546,0.0098306891110668,0.0069696323271931,0.003962003718085,0.0025524411444734,0.0047019386187883,0.0075527369426328,0.0101627987458465,0.0124101114067508,0.0143208467330424,0.0159387908223045,0.0172685563850551,0.0182625551122676,0.0188408730553534,0.0189216164734419,0.0184520043062118,0.0174265305890335,0.0158979100062249,0.0139723211232747,0.0118045532979492,0.0095985657141468,0.0076318113641769,0.0062772943765915,0.0058581048165971,0.006261789582501,0.0070007851897796,0.0076688025613055,0.0080642930882767,0.0081167901079493
448,0.0014509223475918,0.0023256509370623,0.0032561888089485,0.0038745729389891,0.0040788123297019,0.0038685745252487,0.0035312352259562,0.0034958979867709,0.0036867340918216,0.0037437890581108,0.0036576739657444,0.0037422088342694,0.0041813673862469,0.0046940808425012,0.004874546759049,0.0046504705307922,0.0044020271309267,0.0045838933087609,0.005133603783178,0.0057050021573683,0.0062449486148435,0.007074557959407,0.0084976080275147,0.0103733583199585,0.0122352229447573,0.0136542786640754,0.0144338266018639,0.0146305562513601,0.0144663608151398,0.0141940197699475,0.0139677211103119,0.0137813877566753,0.0134953046388948,0.0129175380168098,0.0118815913176538,0.0102986409986049,0.0081820339001488,0.005654320593812,0.0029685109821775,0.0012987733923967,0.0032239164407378,0.0056317350260763,0.0078658561330799,0.0099051828461644,0.0117716828291079,0.0134535926388385,0.0148918759300986,0.0160013008365233,0.0167045361859404,0.016953728785127,0.0167423341897834,0.0160989146068491,0.0150788769949066,0.0137475879513895,0.0121751454521603,0.0104429044371939,0.0086713789142939,0.0070574002683467,0.0058917392918368,0.0054507362348469,0.0057071898530737,0.006305766563805,0.0068910315021454,0.0072510837598864
455,0.0013075637951215,0.0017930376584858,0.0026576159889124,0.0034001610960602,0.0038092710086791,0.0037404974438907,0.0032991309688203,0.0029855087033215,0.0031121018925289,0.003350888311975,0.0034571635033808,0.0035773455528708,0.0039438692117788,0.0044535547333264,0.0047177335708557,0.00451100927468,0.0040813306107102,0.0040612460790223,0.0047021524336211,0.0055607268007826,0.0062683025873524,0.0068906569857701,0.0077996711879033,0.0092267984923162,0.0109361675196843,0.0124500627866808,0.0134014620318004,0.0136886724957032,0.0134587930083562,0.0129964810172821,0.0125576342005142,0.0122202722086992,0.0118503888368732,0.0112096033346145,0.0101013961289203,0.0084594801018035,0.0063671671340902,0.0040461292511487,0.0019616760281284,0.0018256890654396,0.0034238923179823,0.0050211662522423,0.0064625853019306,0.0078533852743756,0.0092781559154078,0.0107145948444115,0.012046921143609,0.0131307242072094,0.0138563664584725,0.0141798678545973,0.0141290877710431,0.0137799203175088,0.0132216665219486,0.0125134270465944,0.0116663440707987,0.0106590274127175,0.0094835713438049,0.0081904186872448,0.0069124470957038,0.005863046328935,0.0052767118011366,0.0052422838016444,0.0055832600970825,0.0060037609656922
