,14,21,28,35,42,49,56,63,70,77,84,91,98,105,112,119,126,133,140,147,154,161,168,175,182,189,196,203,210,217,224,231,238,245,252,259,266,273,280,287,294,301,308,315,322,329,336,343,350,357,364,371,378,385,392,399,406,413,420,427,434,441,448,455
14,0.0019774171045879,0.0023757442882946,0.0027355567520149,0.0029512691013888,0.0029824956726052,0.0029671088628228,0.0031078473797498,0.0033987120450625,0.0036278045717641,0.0036174487344886,0.0033962341618855,0.003156893889401,0.0030472363577025,0.0030284179646116,0.0029671504260809,0.0027995229682072,0.0025798737869163,0.0024406417035811,0.0024725559099915,0.0026109844988921,0.0026929502331739,0.0025929764835968,0.0023142194602908,0.0020221800085027,0.0019094023098996,0.0019373850130922,0.0019339658331693,0.0018772699982348,0.001905174873719,0.0021098475353592,0.0024114936857632,0.0026723103795707,0.0028016755181491,0.0027630091120094,0.0025562849472568,0.0022059351533682,0.0017657037772287,0.0013243065441182,0.0009902950387824,0.000845401847031,0.0009145244154123,0.0011610440812167,0.0014833353977233,0.001765017866618,0.0019449756535784,0.0020504178803691,0.0021705709425481,0.00237282094066,0.0026337728408879,0.0028674794368805,0.0029880276416214,0.0029495688765369,0.0027578676804211,0.0024691991126139,0.0021689302078719,0.001937969999459,0.0018200119548133,0.0018158828645602,0.0018959439527572,0.0020152984337488,0.0021293945448928,0.0022054511657857,0.0022175024226936,0.0021368000383023
21,0.0019119248265007,0.0023473642644601,0.0027921515819729,0.0030218263629089,0.0029973629117511,0.0029971846125286,0.0033065096165632,0.0037658954452208,0.0039970381874974,0.0038334579573384,0.0034810753681743,0.0033088370063364,0.003387981554643,0.0034416921590107,0.0032544259358704,0.0028789992253765,0.0025413247072916,0.0024125680719088,0.002466661226516,0.0025684337435553,0.0026005972285496,0.0025136973807973,0.0023601072886749,0.0022600843385437,0.0022431811689672,0.0022024864035312,0.002079084249898,0.0019766430984413,0.0020596234612647,0.0023341802340436,0.0026504099717692,0.0028616133431278,0.0028852533148806,0.0027009212392726,0.0023478902259275,0.0019122460596362,0.0015024595464136,0.0012092987150747,0.0010821792436924,0.0011509980431661,0.0014208094684356,0.0018075428257283,0.0021789437454733,0.0024376214433851,0.0025713767184551,0.0026456192317705,0.0027373914932992,0.0028577042544831,0.0029496422352691,0.0029506900121759,0.0028368307232985,0.002633905648374,0.0024053873994849,0.0022283752961476,0.0021460261620532,0.0021430583945893,0.0021769679698067,0.0022230673099153,0.0022678580001906,0.0022874301288112,0.0022479203135574,0.002129466297549,0.0019319749170415,0.001665774319601
28,0.0018481282217615,0.0023596887154751,0.0028850281434391,0.0031071598684054,0.0030216924216969,0.0030569601987909,0.0035263699045372,0.0040841660697647,0.00423947069595,0.0039020983308092,0.0034807614831923,0.0034506728218476,0.0036878741468944,0.0037317840190219,0.0034016909383121,0.0028954969030305,0.0025450406284842,0.002466254085405,0.0025224369698501,0.0025801892101246,0.0026017535533885,0.0026044413864335,0.002617531589659,0.0026247962261991,0.0025479705474865,0.0023428748461386,0.0021079784993662,0.0020508341080863,0.0022576687802611,0.0025783812949631,0.0028214023870039,0.0028700544037964,0.002691200059702,0.0023303817704262,0.0019045307152201,0.0015512089970761,0.0013363287195128,0.0012328403658919,0.0012573514793355,0.0014897459911385,0.0018975286530582,0.0023375684955798,0.0026832138687158,0.0028758336215995,0.0029334877418392,0.0029177495589262,0.0028766910064312,0.0028081947912482,0.0026875721177011,0.0025184592041117,0.0023515190498896,0.0022598036137408,0.0022843368807506,0.0023976772029975,0.0025261503911504,0.0026035125154118,0.0026041059581049,0.0025405555946974,0.0024303714799151,0.0022686473872881,0.0020339380805226,0.0017235298647381,0.0013695063684809,0.0010367487379793
35,0.0018186118858337,0.0024476803156515,0.0030137249507117,0.0031733015169189,0.0030241140166376,0.003131214569612,0.0037267948175748,0.0042794172017848,0.0042861034064755,0.0038004623391347,0.0034058888320945,0.0035455411026675,0.0038735745558716,0.0038848190210353,0.0034960220835806,0.002994777902636,0.0027073047035423,0.0026779891013336,0.0027400017427111,0.0027852733129132,0.0028329815057179,0.0029201881447376,0.0029916070188008,0.0029214198084431,0.0026389910400719,0.0022493572627113,0.0020382718805187,0.0021911532264966,0.0025278573094764,0.0027869784433359,0.002827196932331,0.0026128204344726,0.002206748995487,0.0017718420900551,0.0015127347214514,0.0014624181216411,0.0014469633751837,0.0013964095507423,0.0014535964306084,0.0017416186353426,0.0021577093363393,0.0025384566427128,0.0027875487176741,0.0028719203235594,0.0028059001615918,0.0026324348706118,0.0024065952379001,0.0021860506677955,0.0020417966030768,0.002043122762372,0.0021983725899048,0.0024375179460791,0.0026754140224155,0.0028513892647447,0.0029291767465106,0.0028892193334702,0.0027356591525181,0.0024952179500824,0.0021984425285636,0.0018584778967398,0.0014788406223634,0.0010960716821604,0.0008216785214378,0.0008039708009027
42,0.0018467296622242,0.0026005479079995,0.0031231759654607,0.0031476314045061,0.0029519605635745,0.0031825153734754,0.0038547894501874,0.0043075866537193,0.0041385153742761,0.0035772057570861,0.0032955262955203,0.0035927079965592,0.0039859803782747,0.0040206900258462,0.0036854693567694,0.0032705223124859,0.003059848151208,0.0030752790189733,0.0031366665947444,0.0031566860331534,0.0032042185715561,0.0032908564867902,0.0032610361917724,0.0029567775619226,0.0024234228397886,0.0020080313017584,0.0020926266856554,0.0024851970294174,0.0027984472821928,0.0028605604553703,0.0026382181449784,0.0021926624716825,0.0017191549696041,0.0015255445362645,0.00166413790144,0.0018150415040212,0.0017851732900783,0.0016443782105337,0.0016102939813835,0.0017888578727512,0.0020608785268879,0.0022867140587404,0.0023903056223139,0.0023312585281435,0.0021132942870001,0.0018226924071292,0.0016534021025063,0.0017885704946734,0.0021725530331095,0.0026133986413988,0.0029720732348454,0.0031841613559967,0.0032433574768326,0.0031754367018468,0.0030073689501299,0.0027481297331601,0.0024039587935628,0.0019984190282763,0.0015750474262102,0.0011845027848258,0.0009023584565135,0.0008514935633376,0.0010289768897515,0.0012627664709316
49,0.0019295512431239,0.0027374361545392,0.003112896130479,0.0029590530205202,0.0027736729735231,0.0031719575824158,0.0038697614024002,0.0041847388014969,0.0038857802036224,0.0033480875806124,0.003235161891331,0.0036914319019001,0.0041773961218551,0.0042806299900207,0.0040146287955124,0.003672887315012,0.0035352248430273,0.0035667773616892,0.0035532524245419,0.0034844477148576,0.003486024602768,0.0034839716836938,0.0032369511720786,0.0026605904463605,0.0020495706798722,0.001990463253367,0.0024335642333998,0.0028319853978744,0.0029717425764624,0.0028465748203757,0.002505995896298,0.0020894022646755,0.0018788456552237,0.0020262151603478,0.0022763233908894,0.0023493567515474,0.0021854965194596,0.0019039948759133,0.0016818788596188,0.0016087958088446,0.0016457586799833,0.0017093078872388,0.0017077072797922,0.0015860978349863,0.0014552069922578,0.0016343622469708,0.0022132848961438,0.0029213353886166,0.003519670980607,0.0038860032859521,0.0039822192376894,0.0038321840038518,0.0035020010760817,0.0030744381737018,0.0026127988854081,0.002140920828223,0.0016714227548835,0.0012593692401942,0.0010297458548964,0.0010620326786757,0.0012477895246213,0.0014525298419408,0.0016050249438296,0.0016627931088081
56,0.0020115235602032,0.0027381506446286,0.0028923956989422,0.0025889396881317,0.0025056154103851,0.0030785577274125,0.003769908053025,0.0039896900190335,0.0036710728769374,0.0032541349617491,0.0033432593673886,0.0039613772328775,0.004519827611666,0.004631254456327,0.0043648879362735,0.0040720729642488,0.0039860779000269,0.0039445410821602,0.0037638843309137,0.0035799074939121,0.0035202686464254,0.0033750893205522,0.0029109517531541,0.0022724013931759,0.0020494294427359,0.0024459703167329,0.0028959137859002,0.0031182631013467,0.0031536274595385,0.0030556549551267,0.0028433876752915,0.0026367747506483,0.0026246566642529,0.002790465120111,0.0029061864784181,0.0028047141393094,0.002484365808528,0.002051700308911,0.0016371969491215,0.001373024000074,0.0013716038165998,0.0015684212341544,0.0017885445894944,0.0020132000182287,0.0024123353556754,0.003076834663661,0.0038485655798273,0.0044866878576231,0.0048223687354492,0.0047995306816471,0.004452627185947,0.003872173093709,0.003170109674749,0.0024562898163143,0.0018184715712293,0.0013347144623179,0.0011323015349167,0.0012862013990663,0.0016113466049577,0.0018971011410628,0.0020457187368141,0.0020426183346043,0.0019117226909969,0.0016858029471899
63,0.0020027306186805,0.002516979154733,0.0024448232607238,0.0020956573484274,0.0022063072795755,0.0029204140070009,0.0036044231120912,0.0038187192871036,0.0035963940340223,0.0033638229118212,0.0036383234957377,0.0043317793759288,0.0048463146892943,0.0048724332551794,0.0045760705135813,0.0043240967835326,0.0042108167026409,0.004005440352174,0.0036695607417381,0.0034512341723699,0.0033596515356843,0.0031125891839326,0.0026769144888332,0.0024510084839959,0.0027007118341429,0.0030758807422642,0.0033034764598022,0.0034551857627866,0.0036059754598984,0.0036518001080688,0.0035337166954022,0.0033870471529297,0.0033649725268086,0.0034025364396857,0.003313168509347,0.0030005262802529,0.0025003527508242,0.0019234141782269,0.0014585848230757,0.0014263313844619,0.0018673827827056,0.002434426143785,0.0029364558410547,0.0034027341784828,0.0039487011445764,0.0045767908576599,0.0051238048116739,0.0053911604410159,0.0052706877545628,0.0047791588888257,0.0040211265566882,0.0031354134658137,0.0022584605221964,0.0015384050935924,0.0011945265773377,0.0013655580540285,0.0018025574390277,0.0022513694348742,0.0025710337839634,0.0026765957947045,0.0025425746014069,0.0022110345222235,0.0017697063220539,0.0013298867246743
70,0.0018549023786726,0.0020980725553194,0.0018585651805296,0.0015946813542072,0.0019610349313921,0.0027704926833196,0.0034449795152182,0.0037049086101111,0.0036321257935125,0.0035831142901488,0.0039315703198755,0.0045312793293475,0.0048923287988139,0.0048268418936527,0.0045365783473707,0.0042847517123464,0.0040592123171824,0.0037384207412708,0.0034600744393989,0.0033998190028629,0.0033901230899839,0.0032734680475221,0.0032051293190563,0.0033318658049802,0.0035040768537213,0.0035877622398444,0.0037175247171468,0.0040090085714298,0.0042743370341137,0.0042958738442617,0.0041209436150154,0.0039602806517554,0.0038842851940854,0.003746172657224,0.0034031912916885,0.0028418127753095,0.0021408118147632,0.0014586501732041,0.0012455174616656,0.0018271769438025,0.0026691168511147,0.0034193583674186,0.0039944652321792,0.004453145914268,0.0048745334917252,0.0052266490310413,0.0053692711196274,0.0051716512120395,0.0046123803261073,0.003791684266468,0.0028782766000818,0.0020554171167371,0.0015256153953077,0.0014901621336406,0.001854585320826,0.0023423842750971,0.0027855947233545,0.0030818510903668,0.0031504508222656,0.0029459923037881,0.0024869090067409,0.0018718586961446,0.0012770559897173,0.000975836410643
77,0.0016457918800216,0.0016500704040511,0.0012930040940791,0.001210984928392,0.0018712567765345,0.0027100760009957,0.00330903579555,0.0035829195815015,0.0036438981937205,0.0036994408739525,0.0039485426112048,0.0043187622451092,0.004522743384305,0.0044439864084769,0.0041942604550424,0.0039101243330786,0.0036449495815801,0.0034945640254785,0.0036014062819232,0.0038789654090291,0.0041151924246705,0.0042571638190252,0.0043202003849177,0.0042451542331875,0.004044347443064,0.0039660598462571,0.0042249330669465,0.0046033202543862,0.0047569983444223,0.0046444829875219,0.0044847384875122,0.004403553193407,0.0042697209806143,0.0039189648688041,0.0033386342058104,0.0026112967668692,0.0018249456517357,0.0012101708724303,0.0014416912741634,0.0023225289603706,0.0032092688065233,0.0038723553033489,0.004293736757273,0.004557582659273,0.0047283122834446,0.0047643578042955,0.004568338165429,0.0041041907234305,0.0034720152773832,0.0028866006248382,0.0025483627622589,0.002478901794726,0.0025648514398995,0.0027360589715825,0.0029683645274119,0.0032064760347266,0.0033615294609566,0.0033438430811168,0.0030910966545271,0.0025938959394133,0.0019266113901644,0.0012942581366934,0.0010767726169042,0.0013505880807041
84,0.0015600284645092,0.0013745681718996,0.0008540421046509,0.0010657870001299,0.0019718386853648,0.0027007825612187,0.0031130490713745,0.0033508418142849,0.0034901576490985,0.0035153856303268,0.0035347092590276,0.0036700191115437,0.0038067939419551,0.0038027614294082,0.0036707691809442,0.0035216235219495,0.0035126519182698,0.0037872830826131,0.0043355305827386,0.0049571481195068,0.0054135736494051,0.0055347207351541,0.005254527413448,0.004694362042117,0.004240774544991,0.0042794944273863,0.0046417913887786,0.0048770896458344,0.0048736817465151,0.0048587919909135,0.0049678748193121,0.0050169549941701,0.0048034029579322,0.004346515472708,0.0037915570510531,0.0032062480596407,0.0025942353095045,0.0021468613582555,0.0022474531346005,0.0027811206884973,0.0032807485915825,0.0035417633649061,0.0036292055413966,0.0037004994331039,0.0038146810277029,0.0038963454505488,0.003883809484079,0.0038398231387584,0.0038969008900669,0.0040847620689409,0.0042741150173485,0.0043222341563736,0.0041978811319794,0.0039775575916354,0.003753999413552,0.003547399033074,0.0033045558487335,0.0029566892234406,0.0024742632554333,0.0019085863715894,0.0014570773774038,0.0014245354913515,0.0017359480519745,0.002036765637653
91,0.001617325451223,0.0012034734450867,0.0005303288958572,0.001215380180156,0.002105592353576,0.0025544163647723,0.0027445508549459,0.0029522545298333,0.0030891514630192,0.0029825384429599,0.0028003726655226,0.0028201826909987,0.003000689503652,0.003260298601929,0.0035648831648825,0.0038207117970608,0.004065618255131,0.0045460222914987,0.0053718293678193,0.0062222498039206,0.0066269116685271,0.0063372408440874,0.0054802920658649,0.0045675025315671,0.0042273862387079,0.0044692120086623,0.0047529993911202,0.0048827885079492,0.0051013674730793,0.005541852782952,0.0059469939790248,0.006047210399204,0.0058612721263594,0.0055664073864299,0.0052160214087224,0.0047104929360196,0.0040510824465968,0.0034811874929702,0.0032354271868409,0.0031534606722401,0.002916697590472,0.0025379426549543,0.0024567615685078,0.0029748539324527,0.0037662470252254,0.0044943339046471,0.0050780290419196,0.0055642972762064,0.0059757266668642,0.0062436390024529,0.0062556063131475,0.0059528349361337,0.0053797757905374,0.0046629969012628,0.0039383531552596,0.0032858587477808,0.0027274273608037,0.0022725034490405,0.0019650175851343,0.0018805988232586,0.0020324816327002,0.0022913111941426,0.0024723021146789,0.0024537856589394
98,0.001569002707929,0.0009126437080133,0.0006031441768426,0.0014659026067618,0.0020047423293056,0.0021063040071982,0.0021896062738457,0.0023962223662564,0.0024840758849411,0.0023502115084689,0.0021884345329901,0.0022147022738845,0.0027036934373965,0.0036513819548867,0.0044688265408612,0.0047566925676349,0.0047835704680332,0.0052743589251617,0.0063117255951844,0.0071265694400463,0.0070933839930641,0.0061807484326604,0.0049227004352361,0.0041569062354374,0.0042223498289209,0.0045851644272423,0.0049165353625503,0.0053976700936555,0.0061429240586394,0.0068963501602685,0.0073750882770572,0.0075527931109765,0.0075579203771598,0.007406812376681,0.0069693842796678,0.0062033422513926,0.0053170506204513,0.0046090203471224,0.0040709327611677,0.0033577683988868,0.0022777012220531,0.0014768232638012,0.0024541480732666,0.0040439994416967,0.0054128299816454,0.0064105724458484,0.0070932789521027,0.007553095355184,0.0078113601957217,0.0078076741128611,0.0074638531285465,0.0067634421868166,0.0057832997450303,0.0046750597093755,0.003616323635154,0.0027816323426322,0.0023336877694848,0.002314630261197,0.0025442967803608,0.002804333463471,0.0029728610757225,0.0029880713895915,0.00280698307142,0.0024277870898284
105,0.0012799743395828,0.0007909926851055,0.001081522651372,0.0015011799735209,0.0015185083503651,0.0014613533533248,0.0015837591734683,0.001752315749462,0.0020142609933645,0.0022231152548377,0.0021701018817795,0.0023420556420707,0.003586315322274,0.0050619007017875,0.0057132417595271,0.0053912024512148,0.0050333684655083,0.0057185175856797,0.0068154139379015,0.007167953513268,0.0064502482791986,0.0051456369716519,0.0041769374395616,0.0041270727864248,0.0046151522340981,0.005234515440343,0.0059908453184547,0.0068926384454229,0.0077803263755287,0.0084976107919535,0.0090215696199014,0.009367274531198,0.009438998594007,0.0090664109501595,0.0082184296942714,0.0071444099365452,0.0062303012602672,0.0055635866543454,0.0047564297733942,0.003403883215756,0.0015841153965023,0.0016262704237729,0.0037645501392571,0.0056704516029834,0.0070314923199241,0.0078778826142477,0.0083630008386794,0.0086094943490853,0.0086334300883943,0.0083757718868344,0.0077797625947705,0.0068585652376627,0.0057181237532023,0.0045488254778473,0.003596653032859,0.0031007930765195,0.0031074420886562,0.0033708307943077,0.0036069698262082,0.0036653771984733,0.0035117032614061,0.0031715335164726,0.0026925857956341,0.0021729765842776
112,0.0011676652375835,0.0013474057145493,0.0014006120521729,0.0011334316031149,0.0010211463059508,0.0012536831919346,0.0010796576905638,0.0013308340941412,0.0022912155817712,0.0027121390769536,0.0024815066670577,0.0031906634312826,0.0051031127912987,0.0064006903453295,0.0062036962591788,0.0050684198267024,0.0048051145850052,0.0058595430914294,0.0065534359871682,0.0061247071081218,0.0050437357144826,0.0043366633916593,0.0044685890046947,0.0050692112915106,0.0059128027396011,0.006909666951092,0.0078615464027348,0.0086373105360519,0.0093094328411679,0.0100047842951373,0.0106621566070767,0.0110062899013861,0.0107742963027462,0.0099526351188855,0.0088662209384574,0.0079939364272401,0.0074789169198352,0.0068893739332223,0.0056842516699226,0.0037147585612761,0.0015837737664205,0.0024462517633474,0.0046791332148613,0.0064268032068165,0.0075428551826201,0.0081837878376331,0.0085537490409367,0.0087509612416814,0.0087554647784276,0.0085093227018783,0.0079852506011083,0.0072246427103101,0.006346045168064,0.0055264751332314,0.0049356265097321,0.0046383661322214,0.0045475178690493,0.0044888352674339,0.004314561414339,0.0039692059905696,0.003495250243948,0.0029973376575491,0.002596134159906,0.0024130833751667
119,0.0017595082746311,0.0019024286005111,0.0012285862296094,0.0008354791572267,0.0016172643859793,0.0016465346452959,0.0006414685361998,0.0018095631955152,0.0030975253465575,0.003100472010262,0.0027111503374125,0.0042653509761294,0.0062245221268519,0.0066412970269324,0.005349999294556,0.0040499095201595,0.0046784803171757,0.0055832631034113,0.0053849295374852,0.004632928829965,0.0046184691278568,0.0053113641522613,0.0060292428730938,0.0068865361712815,0.00798793350504,0.0089421157152396,0.0094815776675397,0.0098520218134874,0.0104713366332289,0.0113151269574174,0.011923330296731,0.0119181872810582,0.0113281430411243,0.0105644197221506,0.0101064283810571,0.0100136712723746,0.009815339208626,0.0089632761197028,0.0072411703279488,0.004908277230861,0.0029045079692064,0.0031188233587557,0.0046952885083009,0.0060665659119879,0.0070529801947524,0.0078151658007075,0.0084615138647524,0.0089777031681822,0.009312240218749,0.0094369501477635,0.0093381069645575,0.0090156639792228,0.0085023431588247,0.0078687982609179,0.007191887935884,0.0065158662389885,0.0058439245872999,0.0051564523848868,0.0044541423392633,0.003805378995397,0.0033504585544447,0.0031967031576829,0.0032861840810725,0.0034694229443476
126,0.0024294043126146,0.0019192553419454,0.0007005137510278,0.0017382158833742,0.0025099774003569,0.001722463335243,0.0008388287965385,0.0028444523400832,0.0036589107937163,0.0028974284208183,0.0029023677583838,0.0049698858967687,0.0061518694095521,0.0053553384553759,0.0037475378328143,0.0039628568216112,0.0049025986034918,0.0047002814395335,0.0041389557060126,0.0049735616119639,0.00639174785037,0.0072700801658069,0.0079811683841474,0.0090418569037568,0.0099918651007283,0.0102765231437439,0.0101883905549735,0.0105276947153933,0.0114428433243303,0.012262686030867,0.0124951957698183,0.0123105498695325,0.0122616408223437,0.0126542262073936,0.0132247805205071,0.0134454705249871,0.0129127488187786,0.0114967962406973,0.0093535519070865,0.0068988619550174,0.0047726819862825,0.003779051389082,0.0041796963749764,0.0052831453367069,0.0066082998485197,0.0079544416209791,0.0091748079640074,0.0101962532240016,0.0110209323285761,0.0116418390868288,0.0119801603254451,0.0119319786904065,0.0114512742858861,0.0105811863393055,0.0094228775577767,0.0080919825758712,0.0067065998631974,0.0054030193411404,0.0043723271343571,0.0038499672464278,0.0039065016411999,0.0042739189554074,0.0046112092875743,0.0047403513981459
133,0.0025871391528729,0.0013062685889322,0.0013643485274793,0.0028066719513718,0.002786824296055,0.0011873472721328,0.0020039877493813,0.0036644656793116,0.0034614138961414,0.0021897352776049,0.0032132689463548,0.0047848237308755,0.0046622405722771,0.0036072209780384,0.0042634566301007,0.0053435245904237,0.0048703468999645,0.0039308640011259,0.0053142600072002,0.0074450458858752,0.0084973921332665,0.0089063999631009,0.0097934367416659,0.0108483196872811,0.0110409197210547,0.0104578317030258,0.0103412051223287,0.0112766333491245,0.0123301344634274,0.0127717451604331,0.013006781393879,0.013877054494864,0.0154233357113954,0.0168719662028949,0.0175411870696358,0.0172146305284756,0.0160018138704678,0.0141268345954803,0.0118198627984947,0.0093103786050145,0.0068532575255758,0.0048442386183718,0.004093217740311,0.0050851584333989,0.0069057565616256,0.0087830736959851,0.0104666955330083,0.0119537960591947,0.0132709826050562,0.0143268834309433,0.0149224982481069,0.0148854059364328,0.0141742877570105,0.0128847505072697,0.0111903425689522,0.0092897533505061,0.0074061518867499,0.0058235150388913,0.0048928207448915,0.0047934746149049,0.0052182784223205,0.0056731717845219,0.0058509046633597,0.0056606726305219
140,0.0020816407808951,0.0010669698821252,0.0025558301984975,0.003239883138972,0.0022788739871334,0.0015419308468992,0.0032457901039163,0.0037157513527004,0.0024693626220876,0.0022090646916526,0.0035467683372457,0.003626060955386,0.0031818030210284,0.0049525850242027,0.0067354819519602,0.0063423890721027,0.0046059395746275,0.0055921558395491,0.008334769567047,0.0096656520258923,0.0096111220084854,0.0099763866472252,0.0111983714259171,0.0116971839047021,0.0109025372588675,0.0102393662090323,0.0110952864507483,0.0124629818339559,0.0131460309010339,0.0136678868745818,0.0153088549493088,0.0179976132367983,0.020444866089796,0.0216931706218239,0.0216016266811023,0.0205483917737259,0.0189646252270238,0.0170566701859647,0.0148345597769421,0.0122999502461176,0.0095807882323487,0.0070191060760015,0.0053485525434533,0.0054912722929107,0.007084021517096,0.0091453326032288,0.0112759879716327,0.0133650030547596,0.0152616701629533,0.0167022487521692,0.0174176499823062,0.0172749209474974,0.0163278525772451,0.0147655970681809,0.0128253306311088,0.010745884887678,0.0087887655899476,0.0072663052176003,0.0064587230694651,0.0063540789254255,0.0065757992407623,0.006701881227598,0.0064947991528374,0.0059151249672609
147,0.0014593053400583,0.0021504067215717,0.0031529139557819,0.0028020344006135,0.0022406647387531,0.0033017018303219,0.0039109253522299,0.0027943809525344,0.0022721184210657,0.0037230111603029,0.0037146516501961,0.0027564020549754,0.0050662610533432,0.007912136708335,0.008290151178339,0.0062835980398704,0.0060109365400995,0.0089774354817268,0.0108124397410254,0.0104260221725168,0.0098018481125774,0.0108563524484855,0.0119861542674119,0.0115715744843346,0.0106387338959868,0.0112714290452586,0.0129040772030695,0.0138624808082248,0.0144936946498067,0.0164803417096161,0.0199551792568896,0.023297603801607,0.0252336447259656,0.0255789724259817,0.0248815528559167,0.0237620707845711,0.0224609751797951,0.0208811980172652,0.0188838543062158,0.0164561707338462,0.0136927671131482,0.010758510915017,0.0079582520273132,0.0060162651311557,0.0061615946919059,0.0083449029366527,0.0113423093044477,0.0143696140393402,0.0169436922022293,0.0187181841883846,0.0195157490817137,0.0193671418771372,0.0184642826375591,0.0170467298831659,0.0153103668356283,0.0134076529509377,0.0115137556927913,0.0098561764814722,0.0086411582790106,0.0079044611427498,0.0074504766337754,0.006993147027157,0.0063407539361959,0.0054666056530646
154,0.0020112136993139,0.0029751057436646,0.0027033042911692,0.0025295726583076,0.0040770777481787,0.0048518228906263,0.0035533179100946,0.0021861937901584,0.0044687157174036,0.005355442316447,0.003796054910872,0.0044202128409239,0.0079920198107227,0.0095697473793934,0.008089121285921,0.0067601558912673,0.0093804076471364,0.0118449682668117,0.0115666891905011,0.009929125275951,0.0101792856755282,0.0118306901043672,0.0122388664283466,0.011599751044592,0.0121068523527688,0.013837466177059,0.0149645637780834,0.0154864223733573,0.0173191319369868,0.0210427256387966,0.0249233825864976,0.0274213827931683,0.0283174917695062,0.0282954482649476,0.028036797777702,0.0276650099264433,0.0269495410059289,0.0257425450362463,0.0240516116827141,0.0218587302056873,0.0190392110379324,0.0154773649536649,0.0112340291811917,0.0067620203987678,0.0042268420932384,0.0070898604136835,0.0115869998396027,0.0156945790758435,0.0188624883483223,0.0209022976991824,0.0218728177062703,0.0220012411535294,0.0215358168635615,0.0206097603977115,0.0192328319877131,0.0174076925622951,0.015245739123169,0.0129777827393693,0.010867465921064,0.0090952490987111,0.0076861487654725,0.006538286795311,0.0055375973825719,0.0046583584321993
161,0.0030588043132487,0.0028587289691884,0.0017882862728672,0.0042841234818178,0.0062169577134777,0.0053513670660165,0.0025029022346202,0.0043693034194063,0.0069318301929078,0.0061747531569072,0.0042430868003958,0.0069077193792324,0.0096332773708882,0.0091547586290506,0.0074148213865537,0.0094508906107911,0.0125866458155452,0.0128708583001103,0.010735293215532,0.0098736018436101,0.0115983433996449,0.0127694912390372,0.0126736116434219,0.0133365441814819,0.0152445473308306,0.0164994511232318,0.0166717753503305,0.017809155423427,0.0212107195050959,0.0251929652483451,0.0278936157738158,0.029109712891741,0.0298186637164638,0.030790965169748,0.0318019524845733,0.0322430325247433,0.0319238495904962,0.0310492597839214,0.0297120421110132,0.027646022344549,0.0244536086593168,0.0199345715527864,0.0142109891385122,0.0077175801310185,0.0023393000109599,0.0069224608942192,0.0128454103180051,0.017737208499541,0.0213033195748057,0.0236041263143191,0.0249269164542652,0.0255896817121417,0.0257321544449077,0.0252627028884901,0.0240073211879601,0.0219109147154106,0.019127748304453,0.015971057085315,0.0127942468460958,0.0098931943165027,0.0074745507880467,0.0056836071336599,0.0046290262598147,0.004285779888134
168,0.0037791898535267,0.0020137569366402,0.0032107273607785,0.0067781716428979,0.0074141215366017,0.0044898694175421,0.0031919466993437,0.0072036699998931,0.0083127447457891,0.0058526660888494,0.0054600989418014,0.0086983823269998,0.0094079504043446,0.0075840254422088,0.0087836706047507,0.0126548877139438,0.0139660120864295,0.0120129740265561,0.0103375929946506,0.0118452478918305,0.0134682004221674,0.0135648913438267,0.0141733107484548,0.0164412126124096,0.0182211903053707,0.0182519193690721,0.0183052163020635,0.0206924035671745,0.0243243126861402,0.0268800712272783,0.0279728922246086,0.029020947289057,0.0311805881793928,0.0338694334842518,0.0358430930976151,0.0366487261198297,0.036649372820296,0.0362022252606222,0.035104115531076,0.032809088419831,0.0289268189466449,0.023433233808921,0.0166034609858136,0.008937638963228,0.0022393310131526,0.0076157552865961,0.0143328846122732,0.0197502088913141,0.0236854745846392,0.0263737984906176,0.0282242847120659,0.0295080429433616,0.0301708369252357,0.0299294890249626,0.028536949043732,0.0259823145802586,0.0225139934041095,0.0185305270729803,0.0144428092499405,0.0106019344497857,0.0073329564226585,0.005077087615727,0.0043738360910142,0.0049235345148387
175,0.0043027273777145,0.0024032311466321,0.005827988218801,0.0085252803952819,0.007072535827373,0.0029080393543499,0.0057520098220169,0.0090380733241831,0.0079536087439378,0.0050694687604469,0.0073066424823474,0.0093600561380228,0.0078540729846112,0.0073466026274913,0.0115262549861836,0.0142758611733162,0.0132651478765142,0.0114181588440663,0.0127986921949988,0.0148604642698853,0.0148251875472052,0.0144817255400287,0.0165110140540966,0.0191331567780878,0.0198355164736222,0.0193204729200533,0.020282666147711,0.0229615780516347,0.0250259366440163,0.0256360552260371,0.0264795274271711,0.0293657534670978,0.0335743410512478,0.0372115907602651,0.0394464141581582,0.0406451884258897,0.0413238048492017,0.0413584840761162,0.0401857624133682,0.0374130497667884,0.0330277740160399,0.027200773981413,0.0201291571479642,0.0122018317097286,0.00513183972215,0.0076031160445278,0.0145116569715384,0.0204435987658331,0.0249304008496,0.0282499032458779,0.0308105766722816,0.0327503510588049,0.0338401296822788,0.0337132955481699,0.03216178622321,0.0292764807790704,0.0253937460236286,0.0209451834364534,0.016328749964422,0.0118852168772513,0.0079999248164803,0.0053591625794521,0.0049079961052367,0.0060118303129015
182,0.0049774280216708,0.0042473927245796,0.0078220533319948,0.0087786375356685,0.0052549764497525,0.0033216541948625,0.0079768460267855,0.0090889280678588,0.0061395472128933,0.0059977002617468,0.009302161721078,0.0090515689023935,0.0065607375127579,0.0092420435487087,0.0133018316489475,0.0138512299088585,0.0126025316488221,0.0141876383017034,0.017013347968189,0.0172329864963514,0.0154918500559897,0.0157428961779513,0.0184407267809927,0.0202239090227286,0.0202933868549194,0.0206539489287507,0.0222809082352487,0.0234674236353681,0.0231939206200417,0.0233094565805723,0.0263751526496581,0.031645017762353,0.0366362600340983,0.0402708734045648,0.0429822653963487,0.0453342416566127,0.0470351007541292,0.0473277930038667,0.0458824953736808,0.042990462326523,0.03901457941272,0.0338786797914495,0.027244803247672,0.0191715754461585,0.010848167699398,0.0072730200857451,0.0124889366076282,0.0188705149969173,0.0242250993632502,0.028587167735216,0.0321858535313185,0.0349439718647418,0.0365165696709623,0.0365857103486699,0.0350894664992444,0.0322499815755073,0.0284386249736717,0.0240160062533195,0.0192651546429329,0.0144542993806227,0.0099830759308068,0.0066234239711275,0.005627387947298,0.006754133861571
189,0.0054637246109544,0.0056831125292204,0.0084887693584343,0.0074698712894418,0.0030118763484426,0.0056760678322965,0.0088663657634902,0.0074267818766909,0.005325035013653,0.0090410779199117,0.0109020409415143,0.0083347156642966,0.0071834528056003,0.0112430265756681,0.0133878181321128,0.0131333965197379,0.0152083672750013,0.0192539653058318,0.0206152519651905,0.0183725093160762,0.0160430126912953,0.0169631677820196,0.0189200389259552,0.019862502647759,0.0209236716184983,0.0227526295708268,0.0235834011629796,0.022242328241199,0.0208083441553893,0.0231667634527226,0.0289472642189152,0.0348156391285681,0.0393928370073517,0.0434025093267467,0.0476982035327002,0.0517533775409373,0.0542423350276989,0.0545086918523482,0.0530732531120595,0.0508633030172061,0.048050280437311,0.0438306897986139,0.0373453898107669,0.0285883382828871,0.0186247620359125,0.0098135101108517,0.0086230539959536,0.0148467710435961,0.0216502077865041,0.0277980999144465,0.0329786335643573,0.0368093069826858,0.0389501214026885,0.0393171603762066,0.0381218187222758,0.0357265360402404,0.0324352876085916,0.0283958905040172,0.0236830903948301,0.0184751867003382,0.0131941560711202,0.0086235405402911,0.0061805996292949,0.006742572870549
196,0.0049367726565057,0.0061578803920345,0.0079174141304275,0.0053315700765298,0.0033589776197685,0.0075666036673884,0.0082390444190341,0.0056214870045768,0.0081727735667325,0.0122874131202656,0.011670718743909,0.0080448346242577,0.0092583918362921,0.0123427161244654,0.012754700656544,0.0146738323531274,0.0200684745461922,0.0236179728016257,0.0224985841113782,0.0188527139434622,0.0170231048917547,0.0173753366155941,0.0178067794950278,0.0194324892180736,0.0228596974678881,0.0251690263808977,0.0240689580513874,0.0209700865470221,0.0208943395562286,0.0258321378919124,0.0319387124077057,0.0369225066890713,0.0415553537754223,0.0472515693091477,0.0536608654808149,0.0589445631501612,0.0617052957697721,0.0620563696751371,0.0611859827907368,0.0599685566676392,0.0579878986907683,0.0540366759161558,0.047316218801881,0.0380311214445622,0.0271560025498451,0.0159080364360879,0.006365269107251,0.0093548515908131,0.0188054108522847,0.0276725152504297,0.0348185946463907,0.0396770530902818,0.0421593735974001,0.0426520605043161,0.0417761801938834,0.0400160633971669,0.0374703253073778,0.0339390675494552,0.0292456912364499,0.0235092496203593,0.0172194238937156,0.0111886943259967,0.0067344759390204,0.0059182778990387
203,0.0035255292030847,0.0065534825952594,0.0071999628174114,0.004165392833356,0.005541097281085,0.0082790468320298,0.0068095080450928,0.0067599402622143,0.0121033718212386,0.0144375331243865,0.0115596125964628,0.0090501717327272,0.0117441165099687,0.0128321715219547,0.0127729540799935,0.0177563542602793,0.0239388731276822,0.0256718186488324,0.0229572550686187,0.0198150591462762,0.0182932146892558,0.0164668181411356,0.0159559573514869,0.0204167096560589,0.0257831713894106,0.0272725845405733,0.0246557676976648,0.0220881006463737,0.0239116156753525,0.0284038581510575,0.0326583280919401,0.037102335437217,0.0433790444484053,0.0513058371198133,0.0589224378607581,0.0644417061297769,0.0673629855661951,0.0683462978407844,0.0682999686573215,0.0674491332218537,0.0652248337638505,0.0609363575006285,0.0543594616773097,0.0457317153953244,0.0353924800283784,0.0236073373289898,0.0111056164513927,0.0071931140373929,0.0189447373339844,0.0303821862144588,0.0390240249367971,0.0442416064954687,0.0463778053585747,0.0464741819506959,0.0456768721534562,0.0445519924709925,0.0428387481045889,0.0398709956845031,0.0351994606246076,0.0289123590383631,0.0216019999591849,0.0141565366268406,0.0076911391083584,0.0045273615634309
210,0.0053428668736327,0.0087454440214888,0.0079430602481362,0.0052409912919853,0.007122955151321,0.0079849078327847,0.006246697429539,0.0100584558110869,0.0151260123060605,0.0150985872300856,0.0112221457861369,0.0115895528320605,0.0143819440924814,0.013317744872184,0.0133541357491671,0.0197757273711161,0.0251148131921328,0.0254602898847029,0.0233086466167086,0.0218972221962208,0.0193219992369711,0.0143003279898115,0.0147874140604106,0.0228010677365024,0.0285821955320354,0.0289647334720526,0.026671424709778,0.0262325582333191,0.0277078694204464,0.0286091032877716,0.0301835139274531,0.0357935810628568,0.0448544051043507,0.0540179590965835,0.0612262831697003,0.0663134134459327,0.0698719936271472,0.0720971951600141,0.0725714443928516,0.070914064726923,0.0673908277340527,0.0628005553317157,0.0576613128594935,0.0514891567651184,0.0430836490051225,0.0317016811580149,0.0186327829341071,0.0129780070207072,0.0236256369414598,0.0361869603045267,0.0452759340940876,0.0499094011992156,0.0508656436855011,0.0499489759833013,0.0489373786888952,0.048437747040827,0.0476654921540366,0.0453757407455394,0.0408300215364236,0.03410443153662,0.0259160016640392,0.0172755517135856,0.0092183132143895,0.0032493369512413
217,0.0107699496558843,0.0127372373060449,0.0101447972482126,0.0068543162279331,0.0077603998396983,0.0074212307829295,0.0075671631619229,0.0131578159779165,0.0167540496074889,0.014704048607955,0.011791283653596,0.0150633934202954,0.0171042299737257,0.0140490289263086,0.0134486451869472,0.0195459749124755,0.0237576979066615,0.0243417415109727,0.0247878065368667,0.0246957609406557,0.0198059298535436,0.011444151742109,0.015113428602705,0.0254239492893606,0.0305534770000236,0.0305706683547835,0.0304261511741499,0.0318691653815801,0.0309618273209116,0.0264276786746774,0.0253269644969845,0.0340044737482001,0.0456044267152859,0.0543250050478491,0.0598395031743803,0.0644526336669925,0.0693772971157188,0.0731147817352207,0.0734403953920281,0.0699225152613317,0.0646210813057308,0.0605773279150179,0.0586850093838558,0.0564138990343955,0.0504256463604046,0.0394664008806798,0.0260523135935928,0.0204742370562288,0.0304704229116472,0.0432933242257987,0.0520634320532057,0.0554546778853786,0.0546723699055413,0.0523352599590976,0.0509463965192381,0.0511242577082928,0.0514148280179577,0.0499225503939936,0.0456323881115823,0.0386309433755986,0.0297717591921462,0.0202152111024395,0.0110643446160688,0.0032635648839687
224,0.0165109829075824,0.0169310353442389,0.0124994154842275,0.0079270424693304,0.0077856701429789,0.0073112844871491,0.0095627686553558,0.0152840012694178,0.0172963911981465,0.0141272815959006,0.0135137297383773,0.0185044375379679,0.0196002034549546,0.0148956794349467,0.0127443051524277,0.0176183611686575,0.0213393432043355,0.0238664819358811,0.0272504385276981,0.0273386263115233,0.019839240881369,0.0087037767121426,0.0163453670856371,0.0273935912428045,0.0316521169636413,0.0322307265552737,0.0347619536988542,0.0372180604145466,0.0335354757839608,0.0234259061394996,0.019900057915694,0.0325388196537271,0.0454997637908306,0.052629809646535,0.0560267039628247,0.0605447570218606,0.0672724602523053,0.0723059966324154,0.0719035976991245,0.0661361737651534,0.059337975848733,0.0570861154802373,0.0596146046640399,0.0612656745369788,0.0570784850574038,0.046071112861059,0.0321368424727016,0.0267805500602985,0.0367829677108183,0.04965236010312,0.0578379029087559,0.0598504306235874,0.0572823905202101,0.0535026609707331,0.0517429043102726,0.0526169974156853,0.0539566081139924,0.0532508297268896,0.0492672458909053,0.0421250093955295,0.0328062088651442,0.0226140003346085,0.0127789904601697,0.0044033349361865
231,0.0206057605909526,0.0198969524025907,0.0140969138640152,0.008407809610647,0.0076493196286658,0.0076084257727131,0.0110183758660441,0.0164054211868432,0.0173424092431416,0.0138980184850665,0.0152559414305425,0.0209322326229269,0.0213380843119369,0.0155671552174572,0.0118482233966169,0.0155404043103862,0.0195060236347116,0.0242352160121357,0.0294100782878552,0.0291070295723904,0.019710970175674,0.0068286033808389,0.017434289714681,0.0284691389938098,0.0321447189407643,0.0335571176858084,0.0380216785334212,0.0408880788675712,0.0353089008780876,0.0213140360535073,0.0158774249281428,0.031700194050558,0.0450014437275588,0.0505558380577616,0.0523225467578993,0.05706619491653,0.06530440651853,0.0711031548339612,0.0699041385012077,0.0623884089039831,0.0548187695683359,0.0547683470172089,0.0609597854793605,0.0651387375078102,0.0617883855224011,0.0504527717291642,0.0360066498116728,0.0307663988999647,0.0409292008972854,0.0538079681988668,0.0615201668725405,0.0625230578445044,0.0586722890163453,0.053855209481653,0.0518497557257511,0.0532609996510401,0.0553664886881698,0.0552246965525551,0.051476199382676,0.0442756567592955,0.0346959415311783,0.0241393542278201,0.0139400483824619,0.005429080737786
238,0.0217875610516433,0.0207470905106314,0.0145420007944988,0.0085093330540057,0.0076001718337419,0.0077508729762945,0.0114310025847935,0.0166821655639574,0.0173222446066368,0.0138804456748751,0.0158183965106541,0.0216314029806367,0.021838873570724,0.0157728155984914,0.011537515138149,0.014845591491917,0.0190043680748189,0.0244639665406863,0.0300798478156719,0.0296012048304408,0.0196579277296933,0.0062987692272911,0.0177619102140346,0.0287364036220024,0.0322569461986719,0.0339667456642008,0.0389802775051832,0.0419339171377529,0.0358346649329894,0.0207553379518187,0.0146976047785641,0.0314868671971124,0.0447972003924875,0.0498408244990911,0.0511224986316606,0.0559847723718855,0.0646924358880785,0.0706848661795884,0.0692159650044413,0.0611764151043305,0.0534454018489815,0.054195857634556,0.0614946787594318,0.0663407141147622,0.0631627151244864,0.0516893600238765,0.0370735147360903,0.0318575857261445,0.0420795137816718,0.0549600182487706,0.0625307933749501,0.0632397934386694,0.059016985456772,0.0538981838602053,0.0518251239231635,0.0533996220546901,0.0557305676182179,0.0557526224632538,0.0520737085547825,0.0448605646913536,0.0352123973132124,0.0245598905931236,0.0142679684780444,0.0057363441354778
245,0.0196923360034151,0.0192379735666365,0.013747882201825,0.0083183928616849,0.0076853401708069,0.0075151893588451,0.0106965679982673,0.0161780546924645,0.0173490537452813,0.0139280144794326,0.0148379463892918,0.0203914938895738,0.0209510754097612,0.0154119731803826,0.0120731243073819,0.0160488183840368,0.0199061868834329,0.0240963603449965,0.0289054250982055,0.0287202280169102,0.0197475668797853,0.0072416518613343,0.0171839458351666,0.0282498667729926,0.0320497961081066,0.0332489314636974,0.037285651115874,0.0400762397859509,0.034908353940117,0.0217657349407503,0.0167837629636576,0.0318736008967602,0.0451410696004386,0.0510737667076502,0.0532110746000404,0.0578803476589178,0.0657658829305981,0.071406303811338,0.0704037519850773,0.063287167374268,0.0558627700821613,0.0552461095828984,0.0605938559192219,0.064236450094791,0.0607318068923269,0.0494897178808158,0.0351680596658369,0.0299061002785676,0.0400265074472246,0.0529037448180733,0.0607239982502484,0.0619533811058955,0.0583895877189988,0.053804944778689,0.0518527815060035,0.0531404918133548,0.055073160981271,0.0548050692407737,0.0510032595867564,0.0438136104135753,0.0342886858255089,0.0238088125112466,0.0136845275400679,0.0051940155612661
252,0.0149653950275755,0.0158046801032964,0.0118759603840137,0.0076883036193894,0.0078124559889864,0.0072816735809585,0.0090107129290708,0.0147847082272809,0.0172177651393754,0.0142655584987097,0.012956002174437,0.0175843285796604,0.018939379175661,0.0146575646305629,0.0130023273361441,0.0182610180518006,0.0220315703581193,0.0238906885788156,0.0265133082789091,0.0266471738131355,0.0198595974682939,0.0094275589413145,0.015967073711364,0.0269213773517875,0.031413151273086,0.0317647269181456,0.0335628077617025,0.0358074216527139,0.0328681554296292,0.024253541481749,0.0213887831850528,0.0328982959618825,0.0455997742193078,0.0532375555715142,0.0572268880930908,0.0617268631672961,0.0679323377625401,0.0726416724057811,0.0724821561496726,0.0673455097891659,0.0609093348608851,0.0580382000283408,0.059282239340331,0.0599089047484904,0.0553084371073481,0.0443624461404748,0.030590424147673,0.0251790023470808,0.0351465431498111,0.0480094982974845,0.0563642813169473,0.0587532043676566,0.0566669560616139,0.0532761973605695,0.0516134860927237,0.0522949540909497,0.0533506107208507,0.0524331853403281,0.0483639558615561,0.0412513055443345,0.0320430518989815,0.0220044633032584,0.0123291022922246,0.0040455101054852
259,0.0090816737242374,0.0115023525055081,0.0094438617459103,0.0064296121253141,0.0076613914104571,0.0075580685670555,0.0070476990111018,0.0123581758844595,0.0164230174020291,0.0148744732523044,0.0114894999176067,0.0140293360617385,0.0163301516868832,0.0138180497195388,0.0135111816156211,0.019835572342624,0.0243332236057047,0.024649270591858,0.0242272916051585,0.0238735105324015,0.0197238708055158,0.0122848975840471,0.014880807038975,0.0247155838168098,0.0300869977838245,0.0301028395638301,0.0292235593433669,0.0302174271258279,0.0301050151927432,0.0272199884531885,0.0268619575191651,0.0345085356851616,0.0454826528270756,0.0544885536885164,0.0605722043830889,0.0652928880085922,0.0697595148343684,0.0730664860771947,0.0735070144031905,0.070596950879664,0.0658067570579484,0.061480648611812,0.0584838499505721,0.055020232871475,0.048364538840218,0.0373244008446487,0.024024212455564,0.0183834318364616,0.0284720945732964,0.041258365844884,0.0501670457370726,0.0539511782713641,0.0536950930847818,0.0517848315935848,0.0505100144898989,0.0504880032878719,0.0504670984529793,0.0487399945140361,0.0443666377696767,0.037428068070713,0.0287385049834406,0.0194146614967919,0.0105297490721492,0.0030891828595584
266,0.0042658643272857,0.0078820414540829,0.007536070036202,0.0047890285215757,0.0067712390311319,0.0081354978858886,0.0062120687951351,0.0090692496815715,0.0144025837214978,0.0150499647798819,0.0112741200657575,0.0107313746461504,0.0136138772387605,0.0131557550604305,0.0131958170585955,0.0194131109667117,0.0250758560085716,0.0256899904606817,0.0231292013799778,0.0211953234706184,0.0190784582743828,0.0150216566306513,0.0149779394393152,0.0220404294480024,0.0278500275612609,0.0285065294965605,0.0259001802888922,0.0248108875826037,0.0266522592936593,0.0288326963504294,0.0311951621074366,0.0362621956530304,0.0444890180693894,0.0534659593104857,0.0609515325524345,0.0661933967623332,0.0694969450407879,0.0713192466927574,0.0717044468265016,0.0704025438443255,0.0673317589855835,0.0627755017601198,0.0570489731424055,0.0499891838542466,0.0409289672048496,0.0293927497471266,0.0164224146591368,0.0109139991521722,0.0219262208396966,0.0342984063875086,0.0433601632879187,0.048247594555582,0.0496162709292237,0.0490443014490194,0.0481181439194409,0.0474366120880094,0.0463815287932485,0.0438836464505721,0.0392876701204058,0.0326711403430603,0.0247137165798933,0.0163872135332406,0.0087321481602127,0.0035355681316117
273,0.0038771773086611,0.00633161465841,0.0073169214253182,0.0042606923588499,0.0049316594274047,0.0081989375785602,0.0072165735841174,0.0060755311626255,0.0110231910214913,0.0139745261567334,0.0116581802342502,0.0085983258577557,0.0110167474535071,0.0127158098796119,0.0126710860712156,0.0168834218276078,0.0230707448424786,0.0253475921332589,0.0229062845821718,0.0194336460841446,0.0179318649643264,0.016868721535716,0.0164787128308884,0.0199571630546091,0.0249125723263162,0.0267212091885221,0.0243938626787932,0.0214316986376626,0.0228705636777201,0.0278532517480617,0.0327757126641954,0.0372404243384313,0.0428827957027385,0.0502119054593772,0.0576397597325636,0.0631850816236741,0.0660345158691275,0.0667689740725603,0.0664937827737019,0.0656461657035416,0.0636130121537176,0.0594519667386084,0.052739742514894,0.0437540460104864,0.0330993473361908,0.0213297771530312,0.0092352310281071,0.0068989520075621,0.0184196141145406,0.0292512575900725,0.037566496918608,0.0427780314013262,0.0451007337080266,0.0453756184001921,0.0445880486188267,0.0432852648859638,0.0413256573833431,0.038188211279999,0.0335037293867185,0.0273671969178491,0.020338953623716,0.0132803333603898,0.007358453125548,0.0049543309378984
280,0.0052247935389662,0.0061010082922416,0.008163758026788,0.0059452412950527,0.0028884529935713,0.0071355767682882,0.0085502092469213,0.0059647364206354,0.0071044690856234,0.0114325151586559,0.0115496037446283,0.0080284990837068,0.0085949239253298,0.0121177916103267,0.0129141778351781,0.0139665750083023,0.0186565026515841,0.0225685162031954,0.0221430559317831,0.0187167376468731,0.016694012300287,0.0173797672986615,0.0182543610810326,0.0194581620404698,0.0221640621860478,0.0244898734331179,0.0239779594374438,0.0211866497731663,0.0205106510632358,0.0249319399553692,0.0312247689133946,0.0365077650943028,0.0409843186839562,0.0460790497993023,0.0519174987839869,0.0569476509913514,0.059668969122936,0.0599541199191373,0.0588736005210503,0.0573976517718205,0.0552713393313032,0.0513225042467775,0.0446714527738086,0.0354582029943475,0.024715733360108,0.0139257584795489,0.0063788488201584,0.0109283382874258,0.0194732766511224,0.0274974252104358,0.0340844365437764,0.0386905175664108,0.0411277582836271,0.0416252246419246,0.0406740863030592,0.038727344218625,0.0359574457331733,0.0322762618780627,0.0275813259991907,0.0220050031722716,0.0160132878672971,0.0104062309620409,0.0065523494486997,0.0062283513595222
287,0.0053936200736764,0.0053696423337029,0.0084454492217629,0.0079773795673843,0.0035582479202655,0.004987400289698,0.0087743165244348,0.0080246699351816,0.0051959016843722,0.0080696481897327,0.0105150419736842,0.0085366301543046,0.0067971263084084,0.0107516470273641,0.0135033143690914,0.0131901795106813,0.0140908832684431,0.0177649228541939,0.0197407054329468,0.0181574490039736,0.0158552112423254,0.0166632420946894,0.018958984834425,0.0200500438259776,0.0206375158742963,0.022088305923078,0.0233085331271715,0.0227006746563479,0.0213577679696779,0.0228543300390469,0.0280285086203092,0.0339435222776614,0.0386701824662846,0.0424510106363129,0.0461836304513183,0.0497547680522393,0.0520734273452263,0.0523591123944831,0.0508655184907421,0.0483903458651363,0.0452280902612813,0.0407913209044564,0.0343220576063623,0.0257903721431757,0.0162661603017912,0.0086518848579974,0.0098184270085504,0.0162199522016708,0.0225191892088494,0.0280578268212135,0.0327263712230658,0.03623204866912,0.0382133100615879,0.0384961043156062,0.037199468390249,0.0346463419773961,0.031172985513814,0.0270028181202892,0.0222766439611679,0.0171964134861682,0.0121734275997237,0.0079885631743274,0.0060377994148389,0.006831941363489
294,0.0047720853157997,0.0037069225375052,0.0073704306388396,0.0088763859169408,0.0058901054623992,0.0028601305998264,0.0074497533583606,0.0092723000338034,0.0067240421707648,0.0054523386059206,0.0087489002536578,0.0092119063255659,0.0067811208937839,0.0086001145396223,0.0129718663183985,0.0141219588922093,0.0125630674200276,0.0130249274375613,0.015786206186611,0.0166793475483795,0.0153461597470925,0.0153573306507103,0.0180056229123118,0.0200938456242639,0.02021489766449,0.0201971657531739,0.0217529748376663,0.0235310992216752,0.0239000832767668,0.0238890648208114,0.0261128453249566,0.0308155179269613,0.0357566067880234,0.0394233337451714,0.0419042650666336,0.0438366068073763,0.0452405611097799,0.0454954123361626,0.0441225941945609,0.0411874008892117,0.0369840202833496,0.0315739702620403,0.0248071073627625,0.0168318405056318,0.0089557545101181,0.007237095371316,0.0133000383795563,0.0195785434177171,0.0246434281765649,0.0286494816859952,0.0319039936548502,0.034402003269525,0.0358238440573745,0.0358219400492911,0.0342807949081039,0.0313831313713302,0.0274986151743554,0.0230216848248816,0.0182793833340166,0.0135653636973267,0.0092774488252822,0.0061766825333421,0.0054340848447249,0.006608471340823
301,0.0041461236142084,0.0020435261567954,0.0050946201570366,0.008157789228829,0.0073373200659267,0.0033204168472148,0.0049866863618656,0.0086747468851375,0.0082423603277601,0.0052311613385415,0.0067402432789016,0.0092859306497065,0.0083591285971182,0.0071451610870054,0.0107603631754754,0.0140396325687957,0.0136074830594249,0.0113405776251895,0.0118020977756128,0.0140062731150589,0.014518392558405,0.0141856728961619,0.0158242888525052,0.0184982011321364,0.0195282697498287,0.0190319583889919,0.0196858040309548,0.0224573182534338,0.0251160215963733,0.0262285456719256,0.0269016831793352,0.0290906534061663,0.0327795616464671,0.0362739620747345,0.0384682133754034,0.039500038009993,0.0399347321041463,0.0398414267719671,0.0387245073813275,0.0360846712399411,0.0317761699754587,0.0259374658496918,0.0188317498164158,0.0109103457766542,0.0040041179164245,0.0077167643775652,0.0146656127909823,0.020447576398864,0.0247500964964741,0.0278571136683043,0.030190869597741,0.0319343513139456,0.0329033689234643,0.0327428159784698,0.0312228755141718,0.0284014402042241,0.0245930901771111,0.0202282687858476,0.0157179439697164,0.0114127414332876,0.0076864488382492,0.0051702330904067,0.0047078130366525,0.0057079915374078
308,0.0036113504923062,0.0022565034116619,0.0025494976805752,0.0060932689114655,0.00721420098314,0.0048643370430675,0.0026833191537908,0.0064449613271847,0.0080794370326395,0.0060496220020077,0.0050320333834969,0.0082960448285271,0.0096517601316323,0.0080222316774547,0.008141181129616,0.0118329414826091,0.0138086578286207,0.0123755303530497,0.0102215848123059,0.0110906955478773,0.0129541289725577,0.0133424605176393,0.0136206949011194,0.0155171901537392,0.0174821057749531,0.0178525957104417,0.0178118221266661,0.019868244651963,0.0236293236984533,0.0267164021277911,0.028212930905036,0.0291121618236475,0.0307116192918782,0.03293074366029,0.0347125120059154,0.0354475736088329,0.0353371026092454,0.0347541521491616,0.0336136287433822,0.0314243920935634,0.0277523801684395,0.0225054202665441,0.0159234562034275,0.008496527560681,0.0019705130171086,0.0074352812866378,0.0139785290967465,0.0192539911154105,0.023072472737575,0.025630079654828,0.0273133723438338,0.028417879797331,0.0289461039810371,0.028660015540514,0.027321232158523,0.0248985987281974,0.0216121088608336,0.0178390962424706,0.0139796317730661,0.0103755614143395,0.0073244039120382,0.0051812033328764,0.0043507145903042,0.0046546650276702
315,0.0027796033997166,0.0029973725033871,0.0019514619109938,0.0036174928889244,0.0056612083035339,0.0053459618375713,0.002779450164066,0.0035676724185694,0.0062945546271123,0.0060551849779213,0.0040458526374647,0.0062300541476011,0.0093512291378808,0.0094656563300984,0.0074909305450689,0.008513967460734,0.0118038313689435,0.0128001010908696,0.0110563823225151,0.0097116406722425,0.0110984322901086,0.0125178477313394,0.0124686561116166,0.0126378235313853,0.0142818591020394,0.0158104354475152,0.0162166465182311,0.0170590241894761,0.0200868684002319,0.0241893322660234,0.0273382565519959,0.0288761535807826,0.0294798200403755,0.0300341250166994,0.0306624707539156,0.0309130648852895,0.0305057683426738,0.0295323471520489,0.0280957138947296,0.0260223075824302,0.0229770751851408,0.0187540095121852,0.0134357127120109,0.0074399238964705,0.0027856290178968,0.0068170241004804,0.012397882136381,0.0171044772626692,0.0205707427848731,0.0227898556630129,0.0239927167162085,0.0244867707528045,0.0244571982347316,0.023879192224586,0.0226218387853351,0.0206342859092755,0.0180502795101506,0.0151563542842557,0.0122816075275264,0.0096946298427956,0.0075563828184099,0.0059351264521404,0.0048531504273831,0.0042944321192545
322,0.0017354694533804,0.0028204607238644,0.0029399529837984,0.0024384834855535,0.003444535152976,0.0044881144121783,0.0037661113591136,0.0021050181787922,0.0037281676481956,0.0049427866433113,0.0037605121833769,0.0037481890857332,0.0072306335341571,0.009304137443432,0.008295446594599,0.0064104397359688,0.0083380410017687,0.0111741254629302,0.0115489409077068,0.010125350828435,0.0099772975812388,0.0115450445674418,0.012192014753013,0.0114685172028485,0.0114571612702137,0.0130239484215566,0.0144028818748086,0.0149720021739059,0.0163469679163404,0.0196713339836597,0.0236232660478454,0.0264688307752951,0.0276356752193106,0.0275953406695995,0.0270897875697195,0.0264562032539445,0.0255795429475217,0.0242735909803169,0.0224873558814521,0.0202250002647558,0.0174438648129333,0.0140993745713965,0.0102872747623291,0.0065162790688479,0.0048347725676752,0.007398823762377,0.0114258045961497,0.015239969522423,0.0182587536397171,0.0202281299593027,0.0211329718596596,0.0211499831097382,0.0205275849070622,0.0194474081462637,0.01798040118817,0.0161671239713072,0.0141256789799659,0.0120742229299168,0.0102524210127662,0.0087994431830826,0.0076790827469133,0.006730655868319,0.0058091170687929,0.0048867357592086
329,0.0015667921911142,0.0018136534113133,0.0030791037332839,0.0029954969887388,0.0020483050290383,0.0027704379452711,0.0038129795451171,0.0031368380289305,0.0020426511426568,0.0032194767509811,0.0036865319444557,0.0027955282356006,0.0042452526320543,0.0071233720087257,0.0080248060112016,0.0063596156808389,0.0053408532438407,0.0079813955442985,0.0102502149785616,0.0103740595424288,0.009788681385716,0.0105993307403108,0.011829297381807,0.0116649509367864,0.0106091762439121,0.0107834033740901,0.0123162100847825,0.0134533971536119,0.0139888487377258,0.0154380743792316,0.0184790484692023,0.0218095616345696,0.0240012695265719,0.0246063453495801,0.024001263975155,0.0228036784209146,0.0213638698955409,0.0196726630145855,0.0176020063416641,0.0151257258274482,0.012360410184152,0.0095446271133708,0.0071054995601771,0.0058557461666878,0.0065540597177773,0.0086792962720869,0.0113616568347785,0.0140878691725739,0.0164667030048114,0.0181527905352324,0.0189234172109046,0.0187530597019115,0.0177960230554345,0.0162895057644816,0.0144579919148994,0.0124926859855383,0.0106002798283201,0.0090293657809558,0.0079912851602561,0.007489054561588,0.0072657290704043,0.0069924513866844,0.0064646519512739,0.0056550532261125
336,0.0022813558603886,0.000955822675261,0.0022446042687687,0.0032073436806064,0.0024740475651425,0.0012085547934148,0.0029228492009924,0.0038024527002821,0.0027970383394407,0.0020179002190071,0.0034626431727212,0.004025735257284,0.0033714059515348,0.0042045846307153,0.0060358502841552,0.0061740203923905,0.0046186753630714,0.0048289894944186,0.0074459866867089,0.009153385833816,0.0094141702908026,0.0097110849863865,0.0108526540445553,0.0115712174450269,0.0110302005394094,0.0102455285916036,0.010761456346946,0.0120880225666874,0.0129019024857967,0.0132754001106297,0.0143768720440197,0.0165955725118027,0.0189392826188288,0.0203631589948649,0.0205237160878783,0.0196418379045967,0.0181002949566995,0.0161536027822971,0.0138880600733606,0.0113523344326051,0.008685490916135,0.0062413390944933,0.0048347038138822,0.0053516768379171,0.0071193683839385,0.0091533545133171,0.0111338489554963,0.0130207805897481,0.0147383368256964,0.0160730708420686,0.016763119790393,0.0166505994523255,0.0157541442175238,0.0142355274334989,0.0123193481251521,0.0102426061758523,0.0082689549804026,0.0067222639788315,0.0059205558244499,0.0058855646517157,0.0062211592001962,0.0064738300868138,0.0063895240985083,0.0059185253001818
343,0.0026120899737868,0.001524618116731,0.0010368725616624,0.0025417443040118,0.0027952773970643,0.0013701270584012,0.0016323359013133,0.0034880701553001,0.0036107943048336,0.002401681777251,0.0031127426866406,0.0049467971380099,0.0052030564997397,0.0039617269748157,0.0037638022798434,0.0049097066472401,0.0049376562677921,0.00400384484406,0.0046664411242739,0.0066744456761602,0.0079672703949325,0.0085031354388948,0.0093066676842575,0.0104088942078401,0.0108715098628097,0.0105064280084073,0.0102902373693787,0.0110198736857762,0.012089032965718,0.0126478314531429,0.0127673924692659,0.013182513386574,0.0142575503133892,0.0155189116424178,0.0162790634755261,0.016167140890369,0.0151452358758,0.0133664805711303,0.0110774099371217,0.0085826042114203,0.0062261675292708,0.004462274491327,0.00400795943713,0.0050554226065875,0.0067742263754525,0.0085369346457212,0.0101050588488623,0.0114578146782301,0.0126304201945372,0.0135686234592116,0.0141082926372453,0.0140881722094737,0.0134560281447023,0.0122862314721132,0.0107296878656857,0.0089625858997114,0.0071808153868863,0.0056310723859646,0.0046369917971578,0.004431793942623,0.0048066404238346,0.0052863156071442,0.0055407421582627,0.0054565470381904
350,0.0022725083177397,0.0019846871228803,0.000824787222182,0.0014094894270413,0.0022930334688919,0.0017687211781136,0.0006389618030602,0.0025417966407344,0.0035597729041298,0.0030245948609939,0.0028391239891785,0.0048408441728897,0.006323757919754,0.0058627059374465,0.004155033272414,0.0037862097194395,0.004831848244834,0.005008048327813,0.0043668660015754,0.0045664810761309,0.0057546122213357,0.0067072197040246,0.0074229922318556,0.0084301011150278,0.0094844533952974,0.0100114703708618,0.0100803374226521,0.01035825104432,0.0111729791241128,0.0120422854027859,0.0123938955930112,0.0121780628918023,0.0118300674220319,0.0118159134736045,0.0121462851913936,0.0123761764599992,0.0120005799443184,0.0107546690456801,0.0087095429634222,0.006276505637801,0.0042163281784717,0.0035717787569021,0.004333122066451,0.0054834800077877,0.0066612118078516,0.0078154796160148,0.0088701440692047,0.0097494297323852,0.0104334088968914,0.0109163269401017,0.0111465136921082,0.0110500115020806,0.0105959380867507,0.0098256541425706,0.0088260373218577,0.0076892514033724,0.0065007822273942,0.0053518154126546,0.0043744763332895,0.0037614204865344,0.0036478465258406,0.0038974259095944,0.0042116397479792,0.00439309493162
357,0.0015455907534245,0.0017830764780742,0.0013358822292816,0.0008148569066827,0.0013524385111321,0.0015306572013809,0.00075912001698,0.001576828416002,0.0028613746873754,0.0030375265576549,0.0026580905289551,0.0039694574457927,0.0059978142641036,0.0067256941788896,0.005730349439984,0.0043406626151562,0.0046699465772635,0.0057196046615986,0.005795868095096,0.0049993976734631,0.0044956109706425,0.0048535651421717,0.0055068340033928,0.0063055090886698,0.0073584233114399,0.0083913750979436,0.0090990882978877,0.0095759706730327,0.0101696954531814,0.0109674734060386,0.0116279900646661,0.0117452022838651,0.0112140821819559,0.0103250892450013,0.0095878109685822,0.009266472334797,0.0090356037417279,0.0083020097645086,0.0067283046590456,0.004466920037163,0.0024382085352997,0.0029412559202239,0.0047743077462542,0.0062581307374837,0.0072451217830716,0.0079197937633447,0.0084403091899386,0.0088302166081137,0.0090406500502678,0.0090319329088174,0.0087928088713516,0.0083455267370267,0.0077535512830513,0.0071139387122939,0.0065152531903141,0.0059916127472477,0.0055143852092577,0.0050198512546739,0.0044631832592434,0.0038707941536949,0.0033548712892048,0.0030501931686396,0.0029948269844839,0.0031146509073051
364,0.0011294539750811,0.0011534112741783,0.0013496464501612,0.0012766730436649,0.001092115913337,0.0012227426843419,0.0012123581070223,0.0013858811869896,0.0021249164306769,0.0025493981074255,0.0023916874749426,0.0029001895178327,0.0046674285400444,0.0060929836119814,0.0061892236126868,0.0052662888289796,0.0048908142018537,0.00585245517352,0.0067225946038345,0.0065224056780433,0.0054536721760556,0.0044299046818266,0.0042272350871124,0.0046936382808441,0.0054387878873954,0.0063468919396302,0.0073051870344141,0.0081704626119237,0.0089102463322564,0.0095910331815322,0.0102122837142668,0.0105931992514797,0.0104814796438116,0.0097784687008559,0.0086967793794329,0.0076871214625939,0.0070284009211389,0.0064378073634054,0.0053646522239251,0.003555617497929,0.0014355458246137,0.0022189164169946,0.0045068749546858,0.0063330842679161,0.0075248387737384,0.0082079436450241,0.0085812135722187,0.0087587544194866,0.0087337479060384,0.0084460350136348,0.0078586249912816,0.0070076106059669,0.0060161567534686,0.0050810759180421,0.0044135052949995,0.0041236943156505,0.0041255542650744,0.0042038543973015,0.0041711490256341,0.0039448253028991,0.0035440238009057,0.0030503458388815,0.0025706271056413,0.0022501441779053
371,0.0013776540287284,0.0007547334842728,0.0009405933339259,0.00152888692439,0.0016926646493362,0.0016398649700439,0.0017506276774571,0.0019362945869581,0.0020960653209568,0.0021772995734148,0.0021158017637648,0.0022174408791354,0.0032237218680826,0.0046126307405966,0.0053919980644468,0.005291610929131,0.0050244261490415,0.0056227224561601,0.0067357630492576,0.0072661653128061,0.0067466180916752,0.0054917134860939,0.0043404479699537,0.0040519308917453,0.004428473645604,0.004946131722228,0.0055677123006133,0.0063946337851582,0.0072968096821134,0.0080412441705414,0.008540501301513,0.0088398703868897,0.0089266070073048,0.008657993564518,0.0079403507421163,0.0069281353110543,0.0059792155352141,0.0052821921945868,0.0045586178262079,0.0033925746364774,0.0017644181600089,0.0014412524943884,0.0033787729153703,0.0052571518413297,0.0066581170259104,0.007569140678187,0.0081184094302683,0.0084230481782809,0.0085032902550319,0.0083008137592543,0.0077528682104496,0.0068638252045305,0.0057302681167435,0.0045297463815511,0.0034913118888533,0.0028632668837907,0.0027712001790443,0.0030243436670089,0.0033162154542469,0.0034662542571101,0.0034174615669477,0.0031729296366362,0.0027558245659166,0.0022345041925989
378,0.0016080321906897,0.0010085675440325,0.0005155412149012,0.0014029609267138,0.0020710204807854,0.0022668353128302,0.0023616467091168,0.0025686196560703,0.0026663206401546,0.002509505821077,0.0023147236466604,0.0023307649794099,0.0026824880319865,0.0034056644489644,0.0041251938060861,0.0044766578787427,0.0046074258065011,0.0050909882316188,0.0060731320257585,0.0069367506578929,0.0070661610570892,0.0063328954982834,0.0051427721710061,0.0042696627947765,0.0042057891497178,0.0045352413225106,0.0048109790933423,0.0051459666621016,0.0057544188958925,0.0064615649544533,0.0069354210045877,0.0070783018970262,0.0070244058871093,0.0068608832918504,0.0064907181957824,0.0058240431427346,0.0050002069385764,0.0043176128609514,0.0038554821108787,0.0033208377190732,0.0024777486882065,0.0017151075317795,0.0022383521346386,0.0035861788819854,0.0048657424519137,0.0058460633043222,0.0065483035132661,0.007052238226553,0.0073779617476382,0.0074625368217983,0.0072199917780428,0.0066243876124621,0.0057449895362219,0.0047261501809647,0.0037306487239748,0.0028994840063988,0.0023539859679639,0.0021685802098663,0.0022762708766267,0.002507808441721,0.0027252906761404,0.0028353096403107,0.0027628002808122,0.0024772095143223
385,0.0015990109645518,0.0012579509754078,0.0006065775395335,0.001149055398159,0.0020797333675111,0.0026226844173825,0.002871150969166,0.0030836291999693,0.0032298721985648,0.0031632520666251,0.0030231934663686,0.0030608128015327,0.0032151214649354,0.0033614823894154,0.0034996042800318,0.0036408911116791,0.00385505241808,0.0043119607733158,0.0050697169555339,0.0058733265677007,0.0063307200121917,0.0061924674553486,0.0055026469514662,0.0046533136529008,0.0042411827243399,0.0044325662922948,0.0047476692996091,0.0048734891898465,0.0049742517102147,0.0052704986916316,0.0056118736866249,0.0057035068163649,0.005488857174916,0.0051288644305993,0.0047333851277857,0.0042413511618794,0.0036273045732469,0.0031073639890435,0.0029591270264071,0.0030601155821294,0.0030567575376129,0.0028704630046303,0.0027707699099859,0.0030386912301171,0.0035706266270593,0.004109528345408,0.0045582076778682,0.0049577650063933,0.0053420386083114,0.0056456711842923,0.0057431696372812,0.0055568890252745,0.005116553416249,0.0045392287928293,0.003950844270792,0.0034130222918707,0.0029199214852476,0.0024500713767138,0.0020266638731109,0.0017572682732096,0.0017778929424188,0.0020327129806686,0.0022911596516803,0.0023782612984078
392,0.0015641013155957,0.001432385878202,0.0009668059356147,0.0010761109182329,0.0019290499653135,0.0027076118951461,0.0031825629670226,0.0034330067462479,0.0035573311788063,0.0036055823747106,0.0036964857286105,0.0038906906501691,0.0040355559892458,0.0040004903353232,0.0038153703709215,0.0035930584066568,0.0034818913885039,0.0036374548855659,0.0040761602003368,0.0046071065817576,0.005019243040446,0.0051876937115731,0.0050440184717287,0.0046272513037482,0.0042142055057651,0.0041977141396532,0.0045499903208682,0.0048423527967581,0.0048634166521324,0.0047777898920878,0.0047891437755673,0.0048064490305545,0.0046133115222755,0.0041605034939802,0.0035613505303586,0.0029131249312101,0.0022541732713333,0.0017927223005967,0.0019778231648817,0.0026564808181469,0.0033097523390098,0.0037171326698763,0.0039083229622832,0.0040100372413237,0.0040863820802315,0.0040830039646695,0.0039354651687375,0.0036925384677968,0.0035201806343007,0.0035401751324949,0.0036778914499689,0.0037712147054188,0.003750658869202,0.0036643467748545,0.0035844016013849,0.0035137294904437,0.0033864943365612,0.0031240636189912,0.0026841447864175,0.0020949512056707,0.001509850988794,0.0012663713067573,0.0015040080843393,0.0018523020828503
399,0.0017012478085141,0.0017670068131307,0.0014435883214184,0.0013017198466753,0.0018760708107197,0.002716981206228,0.0033487229140173,0.0036248780088892,0.0036519513572413,0.0036899089320552,0.0039849001616117,0.0044279468485153,0.0046702811161031,0.0045858693312691,0.0043219026211815,0.0040428224602848,0.0037656575756041,0.0035275385575947,0.0034995727666092,0.003671991704998,0.0038284043291964,0.0039105213150733,0.0039878774135345,0.0040169812341567,0.0039269568385818,0.0038659857565707,0.0040759597650814,0.0044528034157658,0.0046587085354076,0.0045776429250658,0.0043900677712088,0.0042742047267048,0.0041599417646053,0.003869629312482,0.0033430022842413,0.0026374848349673,0.0018443641466302,0.0011743355343556,0.0013139986397617,0.0021820755974963,0.0030990008377386,0.0038182452169681,0.0043066212545307,0.004638984246931,0.0048815838214602,0.004994471350791,0.0048667995150313,0.0044317359961984,0.0037482623980501,0.0029965742962139,0.0024022928460271,0.002116224596889,0.002127878504635,0.0023409500719709,0.002663922476407,0.0030023273703661,0.0032573372623993,0.0033378494740517,0.0031760881294859,0.0027514350122424,0.0021192568741644,0.0014414815510448,0.0010372376157427,0.001172962051609
406,0.0019097552527572,0.0022306213234206,0.00203133861825,0.001731098042662,0.0020196813684617,0.0028067220716796,0.0034870064909648,0.0037338819512125,0.0036175495828602,0.0035207412518216,0.0038646176938355,0.00450881980788,0.0049195571881862,0.0048745166350732,0.0045778713389507,0.0043323008511264,0.0041418984298097,0.0038353125299183,0.0035067731359305,0.0033782412775854,0.0033269716337364,0.0031434926552029,0.0029640206423256,0.0030458727551907,0.0032900280458541,0.0034586456150079,0.0035896564111038,0.0038310977855495,0.0040835314087047,0.0041336275815906,0.0039803711273173,0.0038189860244077,0.0037575661974982,0.0036744082361058,0.003408364537568,0.0029192408838571,0.0022744603871363,0.0016152041230635,0.0012910127290928,0.0016925567162949,0.0024500173571366,0.0031727010044226,0.0037494157529654,0.0042325912832113,0.0047098601924879,0.005155688817818,0.0054206261378571,0.005351884066361,0.0049010476224562,0.0041432826436285,0.0032278833842519,0.0023210258285868,0.0015993526584546,0.001313257011811,0.0015602227693158,0.002044369920698,0.0025283805036067,0.0028912203888686,0.0030444809170837,0.0029332045616398,0.0025629151980747,0.0020145322435287,0.001431946153998,0.0010273669592642
413,0.0020190635436693,0.0026040861174921,0.0025926739161044,0.0022430233995384,0.0022904795629878,0.0029689131594603,0.0036539838175374,0.003861248234069,0.0036024377489507,0.0033139853305393,0.0035424986118313,0.0042298417899875,0.0047709958062956,0.0048271695478818,0.0045374848519575,0.0042758965251767,0.004181208354348,0.0040267004092526,0.0037231794214458,0.0034991056604912,0.0034099296758569,0.0031769773576037,0.0026904058354696,0.002309578804805,0.0024723768083394,0.0029006468568297,0.0031929524090976,0.0033401477383615,0.0034422796818456,0.0034555253378321,0.0033296281339955,0.0031824421167205,0.0031736626230689,0.003253788425089,0.0032277021993264,0.0029797565053178,0.0025342819301031,0.0019963810844789,0.001522114573197,0.0013674356610618,0.0016590837808722,0.0021324479988578,0.0025742741078903,0.0029999365836555,0.0035381057410786,0.0042081983808063,0.0048456093475973,0.0052376264160715,0.0052558063944012,0.0048946832098394,0.0042395988602289,0.0034178574355115,0.0025595473312251,0.0017926780667254,0.00127527062025,0.0012042098408174,0.0015238782661235,0.0019576323486254,0.0023162473686624,0.0024938517060181,0.0024512494718633,0.0022157639500555,0.0018564711184564,0.001458849153275
420,0.0019934069767325,0.0027583224094019,0.002979726726942,0.0027112311722931,0.002588538948965,0.0031136236425714,0.0038081691809324,0.004046697394043,0.0037205840046723,0.0032605505243077,0.0032903336755827,0.0038657982556625,0.0044122221059852,0.0045322524779384,0.0042726443244103,0.0039665737908207,0.0038711307871131,0.0038619254868285,0.0037347304545374,0.0035808441151694,0.003537952630398,0.0034357424758012,0.0030221598456474,0.0023586405555644,0.0019760840696955,0.0022792101845485,0.0027658517835461,0.0030407676467135,0.0030841790402563,0.002953476947294,0.0026920237216785,0.0024331639953714,0.0023921334604831,0.0025767866176775,0.0027417304457462,0.0026939490899282,0.0024198139044193,0.0020305427519836,0.0016634316792873,0.0014263509143138,0.0013848908766256,0.0014932133681613,0.0016133139891528,0.0017186806205335,0.0019970484741834,0.0025973406124684,0.0033739742168924,0.004073227083693,0.0045124191660866,0.0046175127824396,0.0044023418285729,0.0039398371853388,0.003331474187108,0.0026817233504633,0.0020696083871947,0.0015449558336494,0.0011848644789487,0.0011282528937913,0.0013497752970246,0.0016307709382457,0.0018296555249484,0.0019070122766731,0.0018669466833411,0.0017226998937744
427,0.0019024748285561,0.0027069005645804,0.0031342232922554,0.0030320355377274,0.002835434010109,0.0031830430405443,0.0038780770112984,0.0042315870457236,0.0039606266895414,0.0034056297771633,0.0032401544987601,0.0036491646731386,0.0041062735147359,0.0041912297174262,0.0039111276168276,0.0035521061281478,0.0033940590916205,0.0034275378249746,0.0034461176944755,0.0034087747609673,0.0034267521573116,0.0034575690317905,0.0032795058983147,0.0027735932314585,0.0021479465181604,0.0019468495438528,0.002312175599337,0.002737282677137,0.0029314464575851,0.0028447733900398,0.0025100872670694,0.0020505780568857,0.0017459499553177,0.0018277160203112,0.0020837597236836,0.0021956057284901,0.0020740221563759,0.0018345703729537,0.0016720556229581,0.0016779897026176,0.001781549425477,0.0018802839597174,0.0018909499009467,0.0017575728233538,0.0015343622592612,0.0014857199989235,0.001859305557162,0.0024832857327498,0.0030880523371867,0.0035216859173709,0.0037225339633383,0.0036927191280214,0.003480663810215,0.0031561143547478,0.0027743807685763,0.0023549332769677,0.001904527526663,0.0014584305274373,0.0011056427652701,0.0009615079941647,0.0010476388453219,0.0012498958548378,0.0014526339248247,0.0015805454957533
434,0.0018321550529328,0.0025537218935914,0.003099322462611,0.0031690719070079,0.0029828264123998,0.0031726477510032,0.0038284929771245,0.0043169562662084,0.0041968489876512,0.0036476746024657,0.0033267901126427,0.0035802425365174,0.0039532504483354,0.0039735270806216,0.0036155386566825,0.0031741896829162,0.0029420402048929,0.002945441007471,0.0030114629262029,0.0030443078434713,0.0030970958716538,0.0031937689857781,0.0032077354920573,0.0029811697299558,0.0025142607065577,0.0020749526617604,0.0020488227917351,0.0023882994030878,0.0027287890101005,0.002855748076721,0.0027043765694336,0.0023085513936239,0.0018220182362801,0.00152055819205,0.0015534724610063,0.0016812058017253,0.001675086826581,0.0015685730186689,0.0015725829683027,0.0018003875331792,0.0021278160830324,0.0024047658102821,0.0025523641448746,0.0025356493498785,0.0023581149696762,0.0020785010115015,0.0018266561742678,0.0017686592479302,0.0019708578147793,0.0023250588145698,0.0026832250761823,0.0029508617998254,0.0030943510965747,0.0031169587068145,0.0030305627637253,0.0028383802793893,0.002547619952018,0.002182682490801,0.0017812843837415,0.0013781257782679,0.0010183577913997,0.000815306183212,0.0008856252665058,0.001110845670676
441,0.0018219454647621,0.0024141794154323,0.0029753544448123,0.0031601610107002,0.0030287541281689,0.0031105000227499,0.003674607984911,0.0042396906577865,0.0042943203858642,0.0038454519579937,0.0034332643362451,0.0035248559318251,0.0038326079772489,0.0038501920075913,0.0034654362931297,0.0029499375303464,0.0026408548254202,0.0025980840036901,0.0026570617508983,0.0027038538736428,0.0027440648968475,0.0028139069735343,0.0028851254346551,0.0028560862364141,0.0026431326083541,0.0023001449065966,0.0020581265412849,0.0021361391588562,0.0024451589398127,0.0027374460389668,0.0028476209790377,0.0027134312967456,0.0023665069941535,0.0019305006365027,0.0015890027988947,0.0014399367892131,0.0013855152010078,0.0013383755353588,0.001399080134381,0.0016862936043428,0.0021156937700326,0.0025246955184123,0.0028077419151189,0.0029274426864969,0.0029020290622966,0.0027780940499764,0.0026014434928401,0.0024028985621186,0.0022204559737676,0.0021172522480386,0.0021494418287631,0.0023072027958193,0.0025220733913208,0.0027173454510616,0.0028356251816577,0.0028441184293253,0.0027417861870614,0.0025541963336415,0.0023093407844393,0.0020146004502399,0.0016643163239444,0.0012789664920444,0.0009361809677999,0.0007781429531206
448,0.0018641330698885,0.0023494717393926,0.0028539720742731,0.0030823516586496,0.0030148855410661,0.0030371577635967,0.0034633472793276,0.0040027819583459,0.0041881712664395,0.0039000986530658,0.0034893969760032,0.0034132755945046,0.0036120494946702,0.0036648722849273,0.0033710467826903,0.0028891444501784,0.0025318737406118,0.0024377793815764,0.0024943049040722,0.0025618238754907,0.0025806799916828,0.0025532562764598,0.0025240998290256,0.0025180081238967,0.0024753996715202,0.0023242307070914,0.0021146286178026,0.0020292084009986,0.002193950114331,0.0025081204427867,0.0027847134528922,0.0028925899701207,0.0027791598305098,0.0024658823602373,0.0020446714908742,0.0016438277365786,0.0013602972606269,0.0012100847899115,0.0012023482954449,0.0013959700833595,0.0017751665588609,0.0022111577990302,0.0025718854742571,0.002787585374142,0.0028711577739376,0.0028887612245754,0.0028955237982146,0.0028868741644096,0.0028223404602846,0.0026828691143438,0.0024983988106172,0.0023378865313803,0.0022681065537932,0.0023042464254888,0.0023956324586224,0.0024733156306082,0.0024998456736335,0.0024781470344726,0.0024189418339252,0.0023124575511768,0.0021328703745705,0.001871424117008,0.0015495021515084,0.0012124084000922
455,0.0019320909560766,0.0023533172478896,0.0027731927112662,0.0029998529690596,0.0029918292638932,0.0029857242526677,0.0032464259189863,0.0036626201156167,0.0039003748779055,0.0037842636245642,0.0034653327282967,0.0032651933256524,0.0032902904067302,0.0033324535994634,0.0031872955431448,0.0028678043709908,0.0025538833114265,0.0024158605212592,0.0024658778061391,0.0025816500634567,0.0026262172973972,0.0025267776336835,0.0023268377344726,0.0021727492427761,0.0021421424665413,0.0021321914015123,0.0020454360765595,0.001951023528152,0.0020125484515123,0.0022676445694228,0.0025859483322489,0.0028211018067783,0.0028854881832611,0.0027495103456582,0.0024365540669247,0.0020135633569821,0.0015779512671625,0.0012307164437784,0.0010449029920885,0.0010560246001644,0.0012715845129973,0.0016248724788954,0.0019895518441333,0.0022594471342489,0.0024087856482717,0.0024963925623641,0.0026065698236612,0.0027636872395546,0.0029136578115135,0.0029825533892312,0.0029265869574239,0.0027507565492619,0.0025039267094427,0.0022648437663757,0.002102804809876,0.0020387975719643,0.0020475971226401,0.0020997536540534,0.0021712602292016,0.0022314256025046,0.0022436395596806,0.0021844593025675,0.0020461813616332,0.0018273012552544
