,14,21,28,35,42,49,56,63,70,77,84,91,98,105,112,119,126,133,140,147,154,161,168,175,182,189,196,203,210,217,224,231,238,245,252,259,266,273,280,287,294,301,308,315,322,329,336,343,350,357,364,371,378,385,392,399,406,413,420,427,434,441,448,455
14,0.0008702477612313,0.0007636503611843,0.0005727986234324,0.0005026459217995,0.0007268591574289,0.001070528488693,0.0014099917113103,0.001708674895832,0.0019482521528456,0.002104520834952,0.0021507067224561,0.002069205680208,0.0018604894606432,0.00154522494333,0.0011621750159795,0.0007784697221311,0.0005558664475332,0.0007009292397491,0.0010357320481128,0.0013771669262247,0.0016674897052189,0.0018888302970175,0.0020400261320184,0.0021283326045007,0.0021668942154451,0.002170410680975,0.0021548478705451,0.0021366264355059,0.0021309566749209,0.0021479268237143,0.0021916005747423,0.0022597037238701,0.0023504615704956,0.0024643694117483,0.0026041568572661,0.0027694453532955,0.0029529435502752,0.0031396636891171,0.003311464995268,0.0034532227062355,0.0035582557677552,0.0036274630804633,0.0036672728846467,0.0036853087503311,0.0036890459908801,0.0036875106027471,0.0036897929146827,0.0037029812265277,0.0037279067812699,0.0037571172349182,0.0037782945415534,0.0037791753929598,0.003750445839942,0.0036855587148467,0.0035789185852603,0.0034256397051691,0.0032255366750141,0.0029846343309916,0.0027150232757968,0.0024289576659679,0.0021357500736936,0.0018393130597515,0.0015449944474334,0.0012599083098742
21,0.0007968814182817,0.0006360384001467,0.0005421084923512,0.0007563281578954,0.0011358146403043,0.0015098339957923,0.0018193364075136,0.0020481588168386,0.0021874038903154,0.0022216530709929,0.002135630768028,0.0019278622299632,0.0016182434282354,0.0012528712310093,0.0009157068417316,0.0007590630361743,0.0008897339633058,0.001172472746508,0.0014639892088139,0.0017029216697268,0.0018679361057086,0.0019579482340425,0.0019847867124276,0.0019660121841939,0.0019207628121859,0.001865621801959,0.0018142934525502,0.001779375964097,0.0017730422550904,0.001803382399514,0.0018735367369233,0.0019814044407819,0.0021253244083861,0.0023055693517392,0.0025216837530454,0.0027671086838495,0.0030263031748242,0.0032761889697463,0.0034927530906841,0.0036579996714859,0.0037657366180594,0.0038209029182475,0.0038352183096515,0.0038220539548585,0.0037921678326877,0.0037554155697797,0.0037206902336192,0.0036945634550012,0.0036783531045242,0.0036649207575949,0.0036415327446969,0.0035953232693554,0.0035169737554625,0.0034013414796432,0.0032452039979062,0.0030459282479298,0.002804638651796,0.0025282374559582,0.0022295208460081,0.0019222644322666,0.0016170465329346,0.0013189059945936,0.0010337153099401,0.0007721476165859
28,0.0006677930589222,0.000582357075488,0.0007699220526301,0.0011670459669324,0.0015782587019668,0.001909197209692,0.0021310505075975,0.0022441168521608,0.0022530524505055,0.0021572189356244,0.0019588749995082,0.0016802256121677,0.0013746542489365,0.0011360573253408,0.0010741366118125,0.0012048398226692,0.0014271521101796,0.0016443010590066,0.0018045176751155,0.0018867170419217,0.0018907308230971,0.0018317338007536,0.0017353570151543,0.0016295750135863,0.0015370161061199,0.0014698871257063,0.0014309862267829,0.0014204448028154,0.0014421318145224,0.0015026824219701,0.0016090047254338,0.0017651624457578,0.0019719741411617,0.0022265080408983,0.0025197216665684,0.0028349176888151,0.0031485561683549,0.0034329858309083,0.0036626541138453,0.0038204661652226,0.0039026067435949,0.0039187451977761,0.0038862150609309,0.0038240366892621,0.0037469260608317,0.0036655128776142,0.003588185873184,0.0035202394673638,0.0034624360769526,0.003407548532791,0.0033422008055624,0.0032529083821757,0.0031303041077902,0.0029704850088028,0.0027726279962228,0.0025366210129545,0.0022652358895726,0.0019665971439823,0.0016545101856993,0.0013451425347643,0.0010530932151272,0.0007920400812132,0.0005879984951798,0.0004936192022422
35,0.0005896253777062,0.0007633170683397,0.001162045349078,0.0016052719223314,0.0019689954367019,0.002197319155352,0.0022856057094867,0.0022556432008263,0.0021334125564985,0.0019428178905208,0.0017157726542316,0.0015110790416688,0.0014082952477045,0.0014537041749619,0.0016083766487036,0.0017901441695631,0.0019339566363284,0.0020027971497711,0.0019828543759694,0.0018782533807752,0.0017099178130515,0.0015137626491561,0.0013357612760317,0.0012183555574152,0.0011784965657891,0.0011987025548843,0.0012466465491308,0.0013007929715687,0.0013599230034916,0.0014392799781292,0.001561046506238,0.001743669354311,0.0019921737955928,0.0022967035949582,0.0026361850263612,0.0029832659313161,0.0033086792243842,0.0035839455062992,0.0037852956864591,0.0038990606782254,0.0039250816369163,0.0038775939014489,0.0037794157806931,0.0036546194400787,0.0035219275338744,0.003392706061596,0.0032740312953613,0.0031690117348366,0.0030764131227727,0.0029879501847605,0.0028891449663057,0.0027657151188408,0.0026084440705041,0.0024147473984349,0.0021865827969981,0.0019270834619904,0.0016419972293417,0.0013428367331726,0.0010489618322718,0.0007893708435569,0.000607603980833,0.0005590743173404,0.000650669222213,0.0008206738359998
42,0.0007275091160398,0.0011230488731841,0.001587185044715,0.0019877457845393,0.0022408783756368,0.0023198028660461,0.0022490037044068,0.0020827077351711,0.0018834195885086,0.0017157407993455,0.0016416095880933,0.0016975822549859,0.001860060930673,0.0020598313310949,0.0022273284605618,0.0023140609051047,0.002296449682357,0.0021697323840832,0.0019457166068576,0.0016524867569622,0.0013390731043392,0.0010826074056052,0.0009755913976137,0.0010430874913402,0.0012021570567916,0.0013654145773757,0.0014915313505651,0.0015737496880848,0.0016274807117478,0.0016839319382663,0.00178117386307,0.0019500757274897,0.0021984430563467,0.0025082053986673,0.0028462473855186,0.0031758757541317,0.0034639850199076,0.0036836240107057,0.0038152275792085,0.003850199135276,0.0037931385371376,0.0036625348306417,0.003486076712181,0.0032922851684082,0.0031033303121937,0.0029311603147469,0.0027804553764463,0.0026507517687644,0.0025370954035274,0.002428637594589,0.0023093442139844,0.0021641590068828,0.0019847481920885,0.0017708456108008,0.001528742180759,0.0012679093851503,0.0010040028610766,0.0007685978384821,0.0006219854188544,0.0006280415041897,0.0007630663022714,0.0009542561387308,0.0011604176583521,0.0013650743302703
49,0.0010560067420106,0.0015278099719241,0.0019592176808511,0.0022494129167338,0.0023435399059607,0.0022489694355438,0.0020328354144473,0.0018056518066903,0.0016895259294886,0.0017580554122977,0.0019810094135926,0.0022670889936931,0.0025293074037051,0.002703949573324,0.0027534591709226,0.002661892828227,0.0024339057731769,0.0020902223577225,0.001668315940896,0.0012318490611772,0.0009046974910395,0.0008745571610771,0.0011193900832632,0.001432221204124,0.0017016606622087,0.0018921937534609,0.0020022259437953,0.0020480374777992,0.0020585168482353,0.0020726660623158,0.0021334548520638,0.0022729819465299,0.0024960451621909,0.0027767560758439,0.0030732430214838,0.0033430017427053,0.0035519395329092,0.0036770643604858,0.003705412417179,0.0036351217300417,0.0034766346197928,0.0032525948959316,0.0029946815786708,0.002735220059895,0.0024990874187049,0.0022984204381757,0.0021341804304186,0.0020001521151745,0.001885432504338,0.0017748203644635,0.0016505671443002,0.0014981868610764,0.0013129067069158,0.0011014161561888,0.000883330019216,0.0006963410930793,0.000609130328878,0.0006798986009182,0.0008672136958815,0.0010953449372339,0.0013219418397065,0.0015321233261701,0.0017242818469409,0.0018997848961074
56,0.0014383476977483,0.0018851313822387,0.0022129177533286,0.0023430529749066,0.0022550755303804,0.0020072164503145,0.001743084889569,0.0016630138245139,0.0018663672476929,0.0022489231587051,0.0026589187292003,0.0029937829483312,0.0031931717710713,0.0032225202956063,0.0030720234124886,0.0027522014625012,0.0022930291673413,0.0017429011661369,0.0011833864597129,0.0008060330820906,0.0009174906718403,0.0013378902228323,0.0017718910441372,0.0021197567053032,0.0023545985604928,0.0024791382591122,0.0025141953857629,0.0024905317610511,0.0024457506628164,0.0024208222674171,0.0024547860821801,0.0025703974243805,0.0027622360299305,0.0029960794295542,0.0032250954542416,0.0034055999034259,0.0035063562631366,0.0035110097548176,0.0034155448717187,0.0032265113961104,0.0029610655992068,0.0026461199963876,0.0023163643764033,0.0020073637942168,0.0017464892583118,0.0015455262194674,0.0013995603455525,0.0012923568110139,0.0012033822119606,0.001111783257885,0.0010005976222876,0.0008632524752416,0.0007131149363594,0.0005951216993337,0.0005852142486306,0.0007167061068663,0.0009401896313461,0.0012006125240011,0.0014634016165158,0.0017052631704106,0.0019137785847147,0.0020875097075709,0.0022327650494403,0.0023560774505699
63,0.0017754447477001,0.0021270447882591,0.0023021144620559,0.0022515346340867,0.0020079311785079,0.0017234963447656,0.0016646273290765,0.0019770511962027,0.0024983354536546,0.0030249619348976,0.0034379584104704,0.0036724033740648,0.0036968046417461,0.0035022646809674,0.0031041013045977,0.0025386707347018,0.0018647287253922,0.0011831095314935,0.0007715946263737,0.0010449446799952,0.001609147956141,0.0021383493761872,0.0025464080889038,0.0028085212982404,0.0029302700969073,0.0029363733732486,0.0028652592768093,0.0027598656870421,0.0026635634562085,0.0026138576811831,0.0026376468870251,0.0027399354844645,0.0029002876514147,0.0030767709010579,0.0032215675873003,0.0032944941355874,0.0032710251829622,0.0031438973060807,0.0029198192381556,0.0026150701467508,0.0022542713532579,0.0018691276547324,0.0014977100497227,0.0011808245800085,0.000952410948744,0.000823221674848,0.0007688353661433,0.000745912181041,0.0007202346822047,0.0006759045266958,0.0006179261147364,0.0005813620313526,0.0006255885872904,0.000778585506062,0.0010096900293218,0.0012781357022214,0.0015569659324214,0.0018271109446134,0.0020728869908002,0.0022795917297036,0.0024396091130331,0.0025547898857354,0.0026354685980692,0.002691799893514
70,0.0019957979737041,0.0022057701256082,0.0022115619812921,0.0020149855404741,0.001749379702652,0.0017126608693282,0.0020985780891696,0.0027273262492541,0.0033582130359991,0.003848666801235,0.0041257297583459,0.0041544133269937,0.0039297065394173,0.0034695041424265,0.0028162729006468,0.0020387972304474,0.001260265375405,0.0008461509656489,0.00124310515796,0.0019092052308002,0.0025120259977179,0.0029634279106403,0.0032374546868864,0.0033378210220098,0.0032932347213256,0.0031485493568876,0.0029590100435059,0.0027778616036453,0.002649525575107,0.0025995251420794,0.0026326001396528,0.0027297507331353,0.0028552414291461,0.0029633517125125,0.0030105760520672,0.0029649609254742,0.0028123147846315,0.0025567299695455,0.0022171944053812,0.0018218905287195,0.0014070137281684,0.0010197724056448,0.0007290309516228,0.0006185170641121,0.0006755332327807,0.0007802146375883,0.00085801113868,0.0008906941108052,0.0008856636616384,0.0008654096056856,0.000867293028232,0.0009368633602375,0.0010973725178819,0.0013329756605213,0.0016084291301486,0.0018919311594632,0.0021626414827061,0.0024052770184787,0.002607733298823,0.0027582481241522,0.0028520868175184,0.0028936703594648,0.0028972411321367,0.0028767381075249
77,0.002048478947905,0.0021043915557758,0.001984668253255,0.0017910940963417,0.0018019412950642,0.0022348205938041,0.002936766426915,0.0036535917785567,0.0042185891590706,0.0045402685064243,0.0045799863016649,0.0043329739419279,0.0038248805352972,0.0031073189156577,0.0022654712273434,0.0014621010933577,0.0011209404041725,0.0015710440679657,0.0022810078507699,0.0029232541743595,0.0033952780684153,0.003660461164868,0.0037198350948337,0.0036008823245579,0.0033553355611429,0.0030487939914499,0.0027533797835318,0.0025295659519443,0.0024126374896247,0.002399860881718,0.0024610931804348,0.0025523380645919,0.0026297554395682,0.0026523233693563,0.0025875967518846,0.0024168083719751,0.0021399965027833,0.0017766858680331,0.0013658198285279,0.0009706230845597,0.0007101615149027,0.000731423570899,0.000950264196032,0.001187707937212,0.0013642859871045,0.0014576205591165,0.0014720891107801,0.0014285955239675,0.0013585946574138,0.001302714372321,0.0013072928662534,0.0014084559881639,0.0016075736841214,0.0018726142954846,0.0021613221878367,0.0024388738960676,0.0026837850134293,0.0028821963561086,0.0030251046413231,0.0031041479446453,0.0031183021966031,0.0030754425711868,0.0029945168304123,0.0028940953828003
84,0.0019118239578683,0.0018643109453744,0.0017826536085792,0.0018922497918971,0.0023776982983274,0.0031284829884681,0.0039119928157971,0.0045441204804783,0.0049128635481935,0.0049654297618947,0.0046993306800983,0.0041483410324518,0.003382215209175,0.0025168028567253,0.0017743988275644,0.0015854649764744,0.0020769745977799,0.0027916870736073,0.0034374328830241,0.0038979235247007,0.0041281574445427,0.004121081789523,0.0039037033582939,0.0035291543927054,0.003074947922061,0.0026317544429254,0.0022922779196387,0.0021155260815944,0.0020956686171936,0.002168073757749,0.0022622862669316,0.0023259211012557,0.0023253825190433,0.0022365394111722,0.0020456868205742,0.0017539430518772,0.0013870994480069,0.00101252152888,0.0007864731395926,0.0008921787580817,0.0012181456440076,0.0015737816606346,0.0018715201987112,0.0020727762824097,0.0021624801909733,0.0021449879938584,0.0020416851806495,0.0018893011489344,0.0017364217888049,0.0016393571556963,0.0016494615423365,0.0017874542816116,0.0020286025561474,0.0023224805702044,0.0026188493826809,0.0028806504146418,0.0030871485007137,0.003227339848542,0.0032967183270129,0.0032917516840331,0.0032166439371594,0.0030842159380989,0.0029198739286898,0.00274860011715
91,0.0016198927262908,0.0016485148964806,0.0019083525536299,0.0024903789160281,0.0032951295143268,0.004133747767232,0.004827637984445,0.0052447894417849,0.0053158380897716,0.0050300121194319,0.0044319289101912,0.0036151479214122,0.0027427331500023,0.0021167642542544,0.0021353862088893,0.002726957555288,0.0034685713864757,0.0041094583190935,0.0045386581017513,0.0047072490989006,0.0046080790671313,0.00426504624151,0.0037352866332469,0.0031037869796208,0.0024868952244603,0.0020245134194054,0.0018370641870317,0.0019048713568097,0.002083133949301,0.0022449236203082,0.0023305218495417,0.0023190525635928,0.0022076834185747,0.0020013587638926,0.0017191304544228,0.0014115661487024,0.001192861950335,0.001219067887049,0.0015010533504002,0.0018941407975314,0.0022788794750445,0.0025895336707384,0.0027907812333938,0.0028656700199169,0.0028120695738966,0.002645401919297,0.0023991980182264,0.0021257639899712,0.0018942768179935,0.0017807202182821,0.0018345924810412,0.0020432350234505,0.002344769515257,0.0026712444074063,0.0029689577103564,0.0032029453769254,0.0033564667013937,0.0034238310125572,0.0034070091243408,0.003309161151035,0.0031418020544693,0.0029254316252389,0.0026953252943744,0.0024868571300586
98,0.0013395411151371,0.001772898277169,0.0025099703041191,0.0034042936940387,0.0043077187396302,0.0050649367458874,0.0055390405879455,0.0056392237795542,0.0053417538780362,0.0046904050368471,0.0038037235979269,0.0029044157596725,0.002397803321613,0.0026579083315003,0.0034261107959443,0.004263140938396,0.0049387289666902,0.0053489513610939,0.0054525082945214,0.0052447202445265,0.0047558712019265,0.0040459458030279,0.003212119000078,0.0023979618681632,0.0018293471036482,0.0017431218646299,0.0020480402041355,0.002435680990996,0.0027338768994269,0.0028878823858207,0.0028977631200531,0.0027858546850261,0.0025855782887757,0.0023404508363984,0.0021144899643201,0.0019975226976344,0.0020687507689363,0.0023252639062491,0.0026818538672729,0.0030407828769825,0.0033296613178441,0.0035050131328695,0.0035446113098872,0.0034428220523524,0.0032078482099359,0.0028652024566167,0.0024610726850945,0.0020677705055704,0.0017866849402235,0.001721146581837,0.0018913326382362,0.0022142001063993,0.0025881040160731,0.0029401562297819,0.003223093029029,0.0034099416632051,0.0034918780193436,0.0034712258787808,0.0033588687257071,0.0031672195908942,0.0029188094440651,0.0026472940041312,0.0024051589195231,0.0022435172226919
105,0.0014494359862872,0.0023779270033559,0.0034058964933415,0.0044007342541969,0.0052366944954161,0.0057829754417661,0.0059361672239924,0.0056491530785619,0.0049549376156334,0.0039803016970197,0.0030024021869541,0.0025615386001243,0.003061318290353,0.0040661289144026,0.0050761731426551,0.0058549257147625,0.0062977109226662,0.006364751657539,0.0060611255579648,0.0054231156757573,0.0045217384324959,0.0034643118151206,0.0024281967285542,0.0017576352102573,0.0018733032651175,0.0024910812525526,0.0031315525749478,0.0036081081346558,0.0038743211055123,0.0039409106276565,0.0038488029765424,0.0036535385386702,0.003417495737475,0.0032068587460376,0.0030876112672702,0.0031099979124853,0.0032799417149619,0.003550327898381,0.0038428635178655,0.0040815308280355,0.0042098702271443,0.0041965764127754,0.0040307312221254,0.003718022799228,0.0032773991833898,0.0027447988952494,0.0021814023302354,0.0016934348046627,0.0014512910159025,0.0015761112110998,0.0019532904203517,0.0024064984829331,0.0028332538936522,0.0031801118517756,0.0034162696681647,0.0035274676162654,0.0035160587722392,0.0033952383232779,0.00318822739135,0.0029215501490467,0.0026364854567397,0.0023904941298124,0.0022582338589994,0.0022865109252393
112,0.0020859227458446,0.0032582016067164,0.0043698080125167,0.0053047978225004,0.0059453353251696,0.0061812747852477,0.005945903651297,0.0052454170196104,0.0041944118042196,0.0030903783703598,0.0026071300734132,0.0032926939286623,0.0045556343277456,0.005796628661599,0.0067494737796244,0.0072932554272271,0.0073833216987862,0.0070246684506882,0.0062643009081508,0.0051806943818645,0.0038943055243104,0.0026028702049395,0.0017701279207365,0.0020684112814455,0.0029962162967846,0.0039059466186951,0.0045954333725249,0.0050130472515791,0.0051704299619475,0.0051156253849309,0.0049188586736589,0.0046595774818693,0.0044141718596393,0.0042461782083872,0.0041950020866848,0.0042675855926183,0.0044334986411177,0.0046346942754357,0.0048007054004569,0.00486892601959,0.0047954688801843,0.0045610232202758,0.0041669133292122,0.0036307789886948,0.0029829585320658,0.0022711862264741,0.0015820072381591,0.0011194922950589,0.0012036364990575,0.0016929001979059,0.0022590418103756,0.0027720521463637,0.003182457802982,0.0034653355994451,0.0036077573302855,0.0036095062967404,0.0034867577541153,0.0032678111886961,0.0029948311174147,0.002718191214915,0.0025079860659447,0.0024404219145768,0.0025640800785802,0.0028528924823851
119,0.0029639752217437,0.0041825771866987,0.00522828119658,0.0059797919219082,0.0063280540559985,0.0061897033909207,0.0055441264384412,0.0044719945774755,0.0032466120873464,0.0026035623316292,0.0033502071560354,0.0048395534705858,0.0063319456123603,0.0075082854940074,0.008218710889042,0.0083992434395798,0.0080497368463976,0.0072164376547704,0.005987879403895,0.0044891641560419,0.0029220618145382,0.0017941656420801,0.0021423155085647,0.0033573012303532,0.0045498353916318,0.0054798302042883,0.0060823826528418,0.0063609967826218,0.0063636903168068,0.0061680091217373,0.0058671335315071,0.0055546472037974,0.0053064343653054,0.0051673700039397,0.0051438032461649,0.0052093710668157,0.0053140575212035,0.0053976271347783,0.0053986190476146,0.0052676208888256,0.0049746246183892,0.0045140915528032,0.0039017578118137,0.0031706197543746,0.0023700868453538,0.0015868332804848,0.001049437713492,0.0011847034172338,0.0017753883905622,0.0024180470425244,0.0029822623622838,0.0034239736094021,0.0037238236351193,0.0038736929135852,0.0038750542724598,0.0037430267127689,0.0035124376845874,0.0032348852164961,0.0029810758900007,0.0028276157130789,0.0028453361514961,0.0030591254585338,0.0034348524328133,0.0038998853426094
126,0.0038410964324489,0.004977799274099,0.0058431610243891,0.0063190979469328,0.0063158670765535,0.0057885482533114,0.0047819764143547,0.0035156733259867,0.0026708526018461,0.0033005535166655,0.0049165867686047,0.0066287163912948,0.0080409335886615,0.0089592790371278,0.0092910748596113,0.0090163257174883,0.0081771683638997,0.006860530328931,0.0051966527640006,0.0033724789685658,0.0018353085313631,0.0019982948707282,0.0034626969887669,0.0049374348773938,0.0061208129147391,0.0069278891411562,0.007349695345052,0.0074272340648425,0.0072392791607679,0.006888440994385,0.0064842074593979,0.006124189058197,0.0058715714454187,0.0057435645045164,0.0057138569499223,0.0057316194623311,0.0057369757507958,0.0056735162591709,0.0054920298217057,0.0051593389227379,0.0046634511549341,0.0040189456008858,0.0032677433318556,0.0024869366876264,0.0018241765569262,0.0015630878397295,0.0018715310677174,0.002476533426763,0.0031156429903459,0.0036723682049841,0.004097581127215,0.0043715787349427,0.0044896853484314,0.0044582127019438,0.0042955664104728,0.004038253962554,0.0037481872154474,0.0035066847147867,0.0034022113050192,0.0034911106274873,0.0037771629676746,0.0042137398266838,0.0047334975602521,0.005268280665479
133,0.0045502243004085,0.0055047033903904,0.006105158892466,0.0062529324478344,0.005892895041571,0.0050397915953632,0.0038601177750754,0.0029136035403836,0.003285306029145,0.0048610066700238,0.0066981959013267,0.0083046604989153,0.0094324013798005,0.009947538273217,0.0098031038769732,0.009022498502895,0.0076902467316587,0.0059336151743637,0.0039302930015593,0.0020233628609335,0.0017144458806604,0.0033322978830574,0.0050481601300773,0.0064635677668816,0.0074688682360643,0.0080362131166722,0.0081944874802412,0.0080169175349702,0.007609162682101,0.0070936354473752,0.0065885099991113,0.0061851093347228,0.0059235508364284,0.0057881558299101,0.0057232606402938,0.005662332164632,0.0055447569198604,0.0053250814798437,0.0049729341952921,0.0044800235695553,0.0038674351073881,0.0032003596387529,0.0026105739890156,0.0023135986181133,0.0024784945465471,0.0030062228569303,0.0036738150053296,0.0043244638373119,0.0048709751475962,0.0052670587137339,0.0054938465631221,0.0055520488420878,0.0054556177829022,0.0052314501792282,0.0049221978718539,0.0045933793609605,0.0043356117683404,0.004241281634763,0.0043672874119955,0.0047013063233073,0.0051844786394057,0.0057444852043974,0.0063149201943024,0.0068390115493684
140,0.0049573732864208,0.005651940410279,0.0059415386406489,0.0057673333560889,0.0051345112711717,0.0041728763404157,0.003322685299815,0.0034778675106853,0.0048389881185749,0.0066444870922566,0.0083400007649526,0.0096183751104194,0.0103023161495468,0.0103074630027392,0.0096345474282419,0.008353634687753,0.0065953453105736,0.0045409554378764,0.0025097077375533,0.0017411676393097,0.0032220537406517,0.0050380912192551,0.0065935056995894,0.007736280942962,0.00841213526886,0.0086290817263295,0.0084477685378793,0.0079696026319644,0.0073222010355767,0.0066413290946166,0.0060452815896754,0.0056080997574071,0.005336604844643,0.0051786921730954,0.0050553129064589,0.004896108706393,0.0046528320786284,0.0043051849440904,0.0038615489425849,0.0033743121639737,0.0029626992397495,0.0028156133002897,0.0030723672368997,0.0036709353885618,0.0044376570296943,0.0052247028576739,0.0059340789662931,0.0065010982438632,0.0068863448052404,0.007072579256859,0.0070636397865408,0.0068827955926096,0.0065679853063151,0.0061732577403972,0.0057712715485726,0.0054555600158988,0.0053260164262502,0.0054442839644347,0.0058009662467306,0.0063239529828502,0.0069264212795274,0.0075329596908748,0.008083761263431,0.0085314314880773
147,0.0049560806044686,0.0053442689993867,0.0053371669858228,0.0049507825928914,0.0043106783064075,0.0037700748027552,0.0039421652935056,0.0050614966366089,0.0066782482737909,0.0083036623673059,0.0096075087718121,0.0103752303530063,0.0104901121119844,0.0099238080697219,0.0087347374074157,0.0070552568296256,0.0051017157335732,0.0032680171363871,0.0025626720366062,0.0036592322980399,0.0053112915754181,0.0068171222374026,0.0079508544608634,0.0086248576075863,0.0088217444261109,0.0085816795868331,0.0079941165597139,0.00718477473899,0.0062986258529188,0.0054792095686896,0.0048360605192096,0.0044104826073166,0.0041585011857342,0.0039864696368004,0.0038053901377405,0.003567514194131,0.0032735572734682,0.0029825905994681,0.0028211641680909,0.0029540580290942,0.0034583925003974,0.0042565663168918,0.0052102123629376,0.0061951097741456,0.0071178665131403,0.0079080061762993,0.0085154700407486,0.0089058930447401,0.0090626765886204,0.0089900542713554,0.0087142920295453,0.0082843465596036,0.007767158731219,0.0072484527735888,0.006829767489809,0.0066167818221718,0.0066843697789931,0.0070326659795891,0.0075887318772475,0.0082455456831363,0.0089068012711577,0.0094999334954849,0.0099720562558306,0.010284228814051
154,0.0044770875817025,0.0045647228391442,0.0043922647548632,0.0041273473046481,0.0040715240124204,0.0045544239137457,0.0056266871794311,0.0070367310574818,0.008463636993294,0.0096311764932322,0.0103314227569791,0.0104320760383757,0.009890731804872,0.0087571654711549,0.0071850027310044,0.0054562607643255,0.0040994484334882,0.0039073674021568,0.0049239765744788,0.0063392410168388,0.0076281553747549,0.0085672669567631,0.0090589796666975,0.0090774377925903,0.008650942016164,0.0078577598005274,0.0068199868453699,0.0056932455992678,0.0046512961997311,0.0038598141664371,0.0034094627277561,0.0032462329407894,0.0032114632358623,0.0031758373398299,0.0031036771654668,0.003053030663516,0.0031450847260348,0.0034996021614808,0.004156597548994,0.0050667703721805,0.006142892780787,0.0072892323391077,0.0084161465744216,0.0094414409952998,0.0102997389508532,0.01094054744448,0.0113312857668228,0.011455226865917,0.011314215864536,0.0109337772756901,0.0103649771171161,0.0096864794581822,0.0089987123700024,0.0084198575863787,0.008069570085847,0.0080378282616362,0.0083431149891784,0.0089165779239314,0.0096384604269987,0.010383893153978,0.0110548836809231,0.0115835434431779,0.0119243093458116,0.0120468632614533
161,0.0035132229613193,0.0034274096106633,0.0035166941806394,0.0040672972646002,0.0050951581076505,0.0064129539122551,0.0078026939067332,0.009064771919317,0.0100151394265324,0.0104967445444665,0.0104050517095355,0.0097078307500975,0.008474582472137,0.0069068289802552,0.0054234451023212,0.0047421495660892,0.0053496040479685,0.0067319717220288,0.0081931917368092,0.0093631770374242,0.0100754677486522,0.0102701535048013,0.0099481613181944,0.0091597704176067,0.0079987859973858,0.006605822370079,0.0051772818012678,0.0039873346961218,0.0033700674135284,0.0034520394713205,0.0039218396964639,0.0044268724047435,0.0048152700196606,0.0050878620824708,0.0053301915887714,0.0056603266282577,0.0061773274330619,0.0069207229228183,0.0078715015648039,0.0089699285501369,0.0101399144445746,0.0112948669548532,0.0123507485109474,0.0132292548841304,0.0138709798296225,0.0142349003669367,0.0143013061263478,0.0140701457343702,0.0135627129363401,0.0128282317652699,0.0119464128659477,0.0110304473755135,0.0102176195754921,0.0096540446426578,0.0094568279628451,0.0096684363996797,0.0102324678993135,0.011018259529154,0.0118753908600179,0.0126711714100717,0.0133096642802219,0.0137290108041286,0.013891670359594,0.0137765827592339
168,0.0022329041978625,0.0025250008244742,0.0037201425269096,0.0054005598535935,0.0071806424716368,0.0088175346878518,0.0101305460048948,0.0109743208565014,0.0112350635879201,0.0108423392329867,0.0097967446449031,0.0081996178823879,0.006334792179279,0.0048738298191053,0.0049362195030821,0.0065542938056257,0.0086459490424524,0.0105313340865259,0.0118970213535763,0.0126038531997928,0.0126145202808851,0.011966458691743,0.0107507643119788,0.0091094774775509,0.0072429414284852,0.0054553090378362,0.0042533030301141,0.00420255522802,0.0051072349659075,0.0062860024963768,0.0073512426627762,0.0081798851925699,0.0087833326489374,0.0092480079991968,0.0096942434846958,0.0102333463921025,0.0109351509031632,0.0118102800195978,0.0128250405464509,0.0139150696219351,0.0150043826211607,0.0160074546837462,0.0168425275480005,0.0174351754467263,0.0177326446865154,0.0177048246828158,0.0173465666434135,0.0166766941400535,0.0157388465863839,0.0146096738020085,0.0134024856680768,0.0122704419113677,0.0113893476331397,0.0109221612078201,0.0109550408253091,0.0114548269926256,0.0122853200089517,0.0132670369349576,0.0142313708248517,0.0150439447909125,0.0156133598298793,0.0158849309349182,0.0158299875753385,0.0154375211399536
175,0.0018019176710107,0.0033175067214223,0.0054830728176897,0.0077530564445462,0.0098145345540914,0.0114336905956196,0.0124291740438228,0.0126721911049219,0.012093013004581,0.0106919490982244,0.0085723489641287,0.0060190808914694,0.0039321996036769,0.0044992350154863,0.0072399976975592,0.0102701149446715,0.0128940862274298,0.0148051503149482,0.0158470304156524,0.0159729862714,0.0152268566851007,0.0137324233060376,0.0116827036995609,0.0093573756407743,0.0071875819262322,0.0058802258606864,0.0061023008058449,0.0075009220806733,0.0092479639061311,0.0108745227781293,0.0122053832201484,0.0132188040250075,0.0139801331539899,0.0146022070680061,0.0152085870755103,0.01589398378331,0.016703906942457,0.0176270501089349,0.0186160966572981,0.0196003202541963,0.0205030570903107,0.0212419780756007,0.0217410960996508,0.021934270407314,0.0217792453476709,0.0212602217180643,0.020389565367229,0.0192079095723782,0.0177847339318542,0.0162285206152296,0.0146920711962341,0.0133745241624936,0.0124894124987408,0.0121984359111793,0.0125247921238135,0.0133405124377695,0.0144350061398547,0.0155938409535044,0.016639325824213,0.0174395210260328,0.01790934606263,0.0180022916924443,0.017699402767536,0.0170003531625699
182,0.0035998340613774,0.0056245011577373,0.0081283570116297,0.0105995839899094,0.0126711327389224,0.0140668419530501,0.0145884334867948,0.0141172775900858,0.0126216365175713,0.0101642417552153,0.006946567924804,0.0035914085176019,0.0034953234409525,0.0072226859660599,0.0112674875396373,0.014837163435055,0.0175847279440611,0.0193025585860178,0.0198970887842221,0.0193868402132819,0.0178943917709103,0.0156436653000994,0.0129684336025732,0.0103740935360502,0.0086362099814853,0.0085612580328942,0.0100406116027866,0.0122053085990936,0.0143973822812847,0.0163105815136943,0.0178469779472423,0.0190283291841205,0.0199463869749211,0.0207232932897339,0.0214756951403897,0.0222788703591403,0.0231554687011951,0.024074450075928,0.0249756951413061,0.0257826250984759,0.0264188761102295,0.0268076053164983,0.0268816112963933,0.0265867391822775,0.0258945585418202,0.0248064969442663,0.023355082608352,0.0216052858925423,0.019655625283389,0.0176510049059128,0.0157902415106716,0.0143246385175949,0.0135017241641915,0.0134578461150028,0.0141228147511636,0.0152657364238371,0.0166133495814848,0.0179286691495615,0.019031501389529,0.0197950911140246,0.0201419235688642,0.0200345029597636,0.0194642121257795,0.0184418500181323
189,0.006233240345908,0.0085001656498704,0.0111392577695818,0.0136268895001315,0.0155458797961098,0.0165855704574854,0.0165395585271136,0.0153081154927644,0.0129068417695784,0.0094803923404985,0.0054303461913458,0.0029912701723952,0.0065232496315423,0.0113999173774385,0.0159686664104594,0.0197433072874359,0.0224198825834723,0.0238231589080675,0.0239071680755682,0.022756596967845,0.0205833729123207,0.0177351078759508,0.0147304846770076,0.0123401784351404,0.0114945785309396,0.0125512708923635,0.0148430267886624,0.0175122194213596,0.0200394152876523,0.0221943420200966,0.0239219405090699,0.0252718990123632,0.0263513968831329,0.0272832682594748,0.0281719583273523,0.0290718364311262,0.02998366800291,0.0308584702128127,0.0316246575861941,0.0322011991463035,0.0325132926512329,0.0324914462738718,0.0320793475813855,0.0312371164432735,0.0299523655965868,0.0282455435074171,0.0261708643615394,0.0238191353233241,0.0213202185968642,0.0188594454453952,0.0166880534208299,0.0151154887655431,0.0144163102867093,0.0146741201851328,0.0157016104090612,0.0171675685266251,0.0187503450195946,0.0202004611488576,0.0213396775847864,0.0220481897692176,0.0222568944740787,0.0219377390741599,0.0210927544746604,0.0197440448055981
196,0.0091035769559375,0.0115475112298087,0.014230317506371,0.016624968953997,0.0182884352270152,0.0188941603235618,0.0182429525138735,0.0162700635385519,0.0130655534857487,0.0089430831694717,0.0050196187644296,0.0056962319300501,0.0106048128947334,0.015995513755226,0.0208395747430173,0.0246591508970998,0.0271555159372583,0.0281803730371902,0.0277376618638533,0.0259845558880417,0.0232335981222656,0.0199746118915536,0.0169259700691128,0.015048466035156,0.0151392996984436,0.0170613133310044,0.0199433669331498,0.0230084459302453,0.0258186558369503,0.0281908481173975,0.0301009789355423,0.0316188971843455,0.0328603498952042,0.0339434128202111,0.0349572774380211,0.0359351122677935,0.0368571516264185,0.0376584077313529,0.0382575001953236,0.0385705228450395,0.038525445850063,0.0380613466102864,0.0371338765866204,0.035718519847024,0.0338197993163798,0.0314776347561077,0.0287681738738251,0.0258081573992208,0.0227596289367867,0.0198509034916794,0.0173910279909702,0.0157522939834207,0.0152266516319038,0.0158184564414475,0.0172101831575572,0.0189811644179254,0.020775370525032,0.0223383136713365,0.0234965235286562,0.0241380523499629,0.0242025012817196,0.0236712966359399,0.0225571005720113,0.0208931289403042
203,0.0119580727468462,0.0145281591614242,0.0171934534594533,0.0194277866668555,0.0207795102832834,0.020922526316468,0.0196797331592153,0.0170401403948719,0.0132102882201875,0.0088346361071689,0.0062772310263459,0.0092103463940674,0.0148005917554863,0.0205395948684109,0.0255372720413856,0.0293104494309457,0.0315694351082133,0.0321970755492713,0.0312508205984769,0.0289642489344477,0.0257558628702384,0.0222612704214141,0.019373331406705,0.018117785588288,0.0190238276864709,0.0216121457357635,0.0249566607261778,0.0283475017194476,0.031400490167634,0.0339670539525907,0.0360475204335914,0.0377263952472146,0.0391231462842798,0.0403477697063358,0.0414729558527309,0.0425116369095863,0.0434253755548514,0.0441354136343358,0.0445524008152965,0.0445909443328881,0.0441826527340427,0.0432756606021874,0.0418377301845366,0.0398595374301681,0.0373621610464752,0.0344041569615996,0.0310824849815259,0.027538478042952,0.0239653020254319,0.0206346708414907,0.0179163782728345,0.0162477825190601,0.0159272260217256,0.0168593968267285,0.0185957678692183,0.020641849887709,0.0226193225019667,0.0242736805341682,0.0254376390444168,0.026007251382765,0.0259306151175612,0.025198216549095,0.0238328482325842,0.021878295696524
210,0.0145933091429479,0.017245113759222,0.0198537396213943,0.0218963668250492,0.0229234832481426,0.0226208050475301,0.0208442179947711,0.0176522169802025,0.0134102718238805,0.0092400006908157,0.0083958568666923,0.0126338559767572,0.0187080101607947,0.0246996477000686,0.0297752564437736,0.0334533076670277,0.0354591333438009,0.0357093520592341,0.0343149449724908,0.0315842876487975,0.0280379827155866,0.0244443839336451,0.0218224537226779,0.0211657722678369,0.0227331939055766,0.025837887292957,0.0295484743830818,0.0332047114841728,0.0364609097522902,0.0391953629751704,0.0414275548060075,0.0432523389346986,0.0447895984436421,0.0461397662330671,0.0473595954801161,0.048443802022965,0.0493378212134462,0.0499515278373475,0.0501893579900497,0.0499654999228754,0.049215635710124,0.0478965694164948,0.0459874447464474,0.0434928642360871,0.0404490033859729,0.0369310636086559,0.0330545168101478,0.02898246453405,0.0249362937103337,0.0212286910005084,0.018289255310857,0.016618814924607,0.0165119101984825,0.0177639911267686,0.0198063751000285,0.022087940007814,0.0242173537650363,0.0259429003389043,0.0271037831049,0.0276035340053948,0.0273980058940323,0.0264858698962332,0.0248990595766559,0.022690951970106
217,0.0168282302983777,0.0195269237494199,0.022062149313976,0.0239156763948274,0.0246456384710311,0.0239551512569179,0.0217373855228962,0.0181267355415331,0.0136687879262068,0.0099809678507753,0.0105506520776595,0.015600717306301,0.0220311929406051,0.0282007146971241,0.0333070522768954,0.0368749914266899,0.0386471984249552,0.0385724915795377,0.0368103514517876,0.0337355649285442,0.0299574890015976,0.0263520784754741,0.0240149272218142,0.0238624172097935,0.0259366442942906,0.0294302158031339,0.0334206422788697,0.0372833214174532,0.0407006249641036,0.0435714104394045,0.0459296153416309,0.0478769381184197,0.0495318813135306,0.0509855968198683,0.0522808854255443,0.0533973238942528,0.0542673389744517,0.0547919584596464,0.0548710464224743,0.0544190356887048,0.053375473077277,0.051704781581966,0.0493958733656728,0.046465047320345,0.0429611751999438,0.0389731765118369,0.0346317281409862,0.0301177607535958,0.0256762107110071,0.0216552154550399,0.0185383061088313,0.016883223406694,0.0169735813731258,0.0185000153649417,0.0207938633726651,0.0232637683482781,0.0255116932772667,0.0272897781955292,0.0284430949175648,0.0288815593612928,0.0285675724715853,0.0275066270973012,0.025738366785497,0.0233242157664078
224,0.0185094178874349,0.0212312730224608,0.0236977872926127,0.0253952538657993,0.0258905347663648,0.024903869107674,0.0223621761879608,0.018468175480487,0.0139316032470336,0.0107564545790757,0.0122957614674333,0.0178579572530603,0.0245332923477763,0.0308185858513065,0.035930456966313,0.0394009817521884,0.0409882722445387,0.0406673633571152,0.0386359658666801,0.0353204831911155,0.031397771789501,0.0278201971595586,0.0257225454963874,0.0259420504258434,0.028371157266177,0.0321351436338707,0.0363219794943253,0.0403310768893488,0.043864204091801,0.0468346835979153,0.0492864749171042,0.0513255196877174,0.0530683133969654,0.0545984663922352,0.0559480732291275,0.0570854837524691,0.0579336753783844,0.0583874398258432,0.0583435410893534,0.0577169745922606,0.056450382135565,0.0545140452593908,0.0519042715401575,0.0486461659552512,0.0447980081135092,0.0404588248529271,0.0357704608528628,0.0309268939532409,0.0261904975071979,0.0219365269518045,0.0186911636381697,0.0170570235277132,0.0173046090278167,0.0190387007692711,0.0215172101997129,0.0241227773678087,0.0264544950800309,0.0282680961444734,0.0294132149986905,0.0298045671965823,0.0294094780162661,0.0282385187398779,0.0263370853547619,0.0237726944600563
231,0.0195208509585265,0.0222520135530366,0.0246720745986726,0.0262704864057457,0.0266204474552595,0.0254541022121532,0.0227210912700712,0.0186701045102815,0.0141212772713905,0.0113021530715684,0.0133818869702153,0.0192243454733758,0.0260389820061806,0.0323872891705802,0.0374960632255936,0.0409026904720107,0.0423754881278171,0.041905992891055,0.0397156180342242,0.0362624451020779,0.0322640914832654,0.0287166232389947,0.0267710385261178,0.0272106813219988,0.0298439951328356,0.0337631501184352,0.0380632429967289,0.0421572922687648,0.0457581635655717,0.0487876268115443,0.0512953276098979,0.0533894039682742,0.0551848292666663,0.0567604541105635,0.0581418320464128,0.0592906452554496,0.0601243134939358,0.0605339982489917,0.0604147882414165,0.0596820889201174,0.0582805238241671,0.0561839340376767,0.0533931280670815,0.049938449339966,0.0458838142172245,0.0413342545330629,0.0364381813337394,0.0313973115561929,0.0264843789541569,0.0220911546748508,0.0187703518610059,0.017152518846549,0.0174981135220636,0.0193575168932898,0.0219453254219609,0.0246302298931875,0.0270103682672604,0.0288438447239499,0.029983110593554,0.0303457706973727,0.029902073784637,0.0286656611029455,0.0266853755784471,0.0240324023750583
238,0.0197924160855769,0.0225255101366571,0.0249324744921424,0.0265036656802176,0.026814116920571,0.0255993619378001,0.0228154478086477,0.0187240720922102,0.0141764242591173,0.0114578812233781,0.013677372163115,0.0195921691605074,0.026443263647533,0.0328076853983739,0.0379148718567933,0.0413037051987438,0.0427453713976828,0.0422359517096538,0.0400032849848216,0.0365140271132604,0.0324967370811073,0.0289589476842082,0.027055053032309,0.0275533111388033,0.0302403673517163,0.0342003136413717,0.0385302589537758,0.0426467357976424,0.0462655792767893,0.0493107448127757,0.0518334207363117,0.0539422543984887,0.0557517996244146,0.0573395615254257,0.0587293664464589,0.059881093927618,0.0607106913796723,0.0611083636626918,0.0609687661866369,0.0602074418264407,0.0587695469884064,0.0566298819890134,0.0537904625671763,0.0502830451139556,0.0461730559696512,0.0415671172547025,0.0366153974787812,0.0315216550778281,0.0265614283820311,0.0221309117435464,0.0187900741652799,0.0171770849113226,0.01754942423851,0.0194425128404465,0.0220594340117557,0.0247653640730886,0.0271582561965706,0.0289968907740617,0.0301344794154384,0.0304893901737055,0.0300326710400418,0.0287787748908267,0.026777475310261,0.0241009399098495
245,0.0193052323785301,0.0220346918291876,0.0244649633423409,0.026084801528829,0.0264659885613885,0.0253380314674462,0.0226455754354204,0.0186271933391,0.0140787715031902,0.0111812099707716,0.0131483835871713,0.0189325712008563,0.0257179842605812,0.0320532519751365,0.0371630684803621,0.0405836369779701,0.0420810258489881,0.0416432278309394,0.0394865598796701,0.0360623037152132,0.0320793819784588,0.0285247084918002,0.0265462657198085,0.026939219376769,0.0295295498594546,0.0334160495255954,0.0376922873347859,0.0417684108906274,0.0453549517012663,0.048371904572508,0.0508677096744467,0.0529500573382705,0.054734278034683,0.0563002359024792,0.057674892001772,0.0588213504122127,0.0596581957496631,0.0600773619288486,0.0599742917363636,0.0592642854098921,0.0578915417218996,0.055829141324395,0.0530769271376002,0.0496641301868969,0.0456534826433899,0.0411487129998666,0.0362968700381266,0.0312979976892302,0.0264226503204746,0.0220590638660147,0.0187542312592122,0.0171326962721192,0.0174571841150967,0.0192898624793154,0.0218544773508303,0.0245226042938534,0.0268925382616938,0.0287218699487883,0.0298624382384753,0.0302312334963318,0.0297978928974533,0.0285753836076708,0.026611829835217,0.0239776363688314
252,0.0180931412978387,0.0208101784174194,0.0232947189296718,0.025031854775455,0.0255860646224997,0.0246730401101921,0.0222108856980041,0.0183844576164965,0.0138605810221258,0.0105484714217395,0.0118560213714291,0.0172973342661911,0.0239136570257144,0.0301716073874045,0.0352833973317624,0.0387790963066421,0.0404128317507601,0.0401529912088707,0.0381876754988308,0.0349303921898891,0.0310412458583428,0.0274541001941746,0.0252954799161351,0.0254235585552423,0.027766675842909,0.0314652389663925,0.0356044305666043,0.0395779132592095,0.0430827424752497,0.0460287419273496,0.0484574442873968,0.0504738013285567,0.0521948917048848,0.0537062237779057,0.0550425600461563,0.0561750180239539,0.0570288953430986,0.057500485001296,0.0574873124820876,0.0569041871772227,0.0556929701543325,0.0538224887597938,0.0512872242094376,0.0481100933966871,0.0443470459897099,0.0400946473084194,0.0354919780342659,0.0307298241618268,0.0260662531211941,0.0218697830809395,0.0186558574101741,0.0170158093142903,0.017223787748944,0.0189063817102637,0.0213395176819041,0.0239119469964741,0.0262233129051673,0.0280284182897551,0.0291757483650798,0.0295788368676845,0.0292037912007941,0.0280599302198873,0.02619121919138,0.0236636730967859
259,0.0162400888140055,0.018928290429779,0.0214849019288483,0.0233903242614323,0.0242002147306258,0.0236125010447387,0.0215097110093244,0.0180046602405954,0.0135913219016519,0.0097522532678708,0.0099621680650533,0.0148157854519126,0.0211562184420435,0.0272817396115719,0.0323827272815157,0.0359819268980692,0.0378170682128949,0.037828176774012,0.0361617136911045,0.0331747550418575,0.0294531433997026,0.0258451140401435,0.0234288521063668,0.0231445699292801,0.025089592817903,0.0284843836976161,0.0324034240161035,0.0362131822252391,0.0395889373840735,0.0424242977806306,0.0447495264431046,0.0466646829105257,0.0482887625516647,0.0497154587441782,0.0509912741094364,0.0520997396957473,0.0529766498172139,0.053525308299094,0.0536467165357681,0.0532552014368455,0.0522892565879285,0.0507112679153241,0.0485075845455813,0.045691428713239,0.0423083377299549,0.0384436629315996,0.0342241187813138,0.0298259962196127,0.0254880810392516,0.0215491047801464,0.018478108441685,0.0168175676664324,0.0168546778257858,0.0183086967749458,0.02053704816868,0.0229583092562404,0.0251758726463533,0.0269407553577722,0.0280964529262876,0.0285512032287124,0.028265687495346,0.0272436120134086,0.025522586767029,0.0231619327939268
266,0.0138737588534352,0.016506237595997,0.019133746634049,0.0212323201166241,0.022351069587279,0.0221714977896495,0.0205393048911907,0.0174919593632109,0.0133460277665668,0.0090781280432591,0.0077596728430534,0.0116892574862863,0.0176394507503442,0.0235671963051169,0.0286264497972039,0.0323345671004016,0.0344121725144831,0.0347661773926451,0.0334925714394042,0.0308789005515079,0.0274175595905078,0.0238411319548745,0.0211379037293293,0.0203174874285821,0.021711835789693,0.0246826436325009,0.028297670532998,0.0318840903912887,0.0350863844213898,0.0377758632392694,0.039967013820455,0.0417521390736971,0.0432512426132036,0.0445675333891887,0.0457621770388051,0.0468348251657833,0.0477352271311183,0.0483762435420341,0.0486639161932715,0.0485124662442849,0.0478564076622164,0.0466501414488848,0.044869707941284,0.0425158846424041,0.0396207639215977,0.0362550467240951,0.0325292159838823,0.0286005112284503,0.0246826611590273,0.0210770723429855,0.0181966266294987,0.0165244514885614,0.0163570813616444,0.0175213702315078,0.0194812538034657,0.0217000601966147,0.0237893983838874,0.0254965804081119,0.0266589848077027,0.0271780892175119,0.0270076444663893,0.0261440925100378,0.0246168946155283,0.0224767956357212
273,0.0111564057491405,0.0136953258805485,0.0163705816053752,0.0186554632065337,0.0200994171208369,0.0203748325136514,0.0192969363859901,0.0168375344348462,0.013165174669269,0.0088115901004376,0.005782651267739,0.0081943259813004,0.0136165689747488,0.0192672091484451,0.0242302107468906,0.0280232577673318,0.0303533611941554,0.0310940585407516,0.0302872907204461,0.0281447072953601,0.0250544918767255,0.0216112589342308,0.0186623841249638,0.0172270928571154,0.0179155561906311,0.0203303164576099,0.0235533129841432,0.026857423142339,0.0298450224247558,0.0323585520777579,0.0343919420327058,0.0360260005206466,0.0373795262475805,0.0385650627516292,0.0396600243647574,0.0406829674877448,0.0416005664900589,0.0423377436491845,0.0428072488965361,0.0429239796132634,0.0426184583032374,0.0418362287357899,0.0405416170371016,0.0387210504141661,0.0363909864423452,0.0336047977167573,0.0304537023339688,0.0270722150674466,0.0236448385805982,0.020431006477026,0.0177830451628422,0.0161196948476021,0.0157385955703536,0.0165744513523276,0.0182155128427956,0.0201866542223001,0.0221148425226687,0.0237452096909314,0.0249086227880578,0.0254988735233826,0.0254616876442086,0.0247850296816021,0.0234888831720041,0.021614081815875
280,0.0082755487041939,0.0106743254292533,0.0133518847902848,0.0157816095933659,0.0175257747167812,0.0182605114120237,0.0177829586768084,0.0160164738224973,0.0130260564198039,0.0090630534750313,0.0049612020460631,0.0047647225084849,0.0094040532334051,0.01467118541863,0.0194519528590542,0.023270249807522,0.0258259272687832,0.0269626566077614,0.0266696604811106,0.0250828139834609,0.0224850344366241,0.019324372990776,0.0162631400505342,0.01422026670868,0.0140525519891124,0.0157506741529643,0.0184794836604421,0.0214394385372287,0.0241730877823595,0.0264854546747315,0.02834445151719,0.0298147632841492,0.0310102790943711,0.0320508534918583,0.0330302415578325,0.0339876189715081,0.0349089310578943,0.0357335291191311,0.0363826727227838,0.0367731090136986,0.0368319052588564,0.0364956143115341,0.0357164058592654,0.0344653583210078,0.032742114810246,0.0305810998168857,0.0280522281035129,0.0252649043789506,0.022372016202162,0.0195894261468245,0.0172092393899383,0.0155854375012313,0.0150060820926097,0.0155006375410754,0.016789393256777,0.0184757970572819,0.0202123011836844,0.0217452276109292,0.0228995527708115,0.0235610357711102,0.0236667852587699,0.0231955373346531,0.022156954390084,0.0205811205373843
287,0.0054426927555111,0.0076486788859848,0.0102604991019915,0.0127568273395731,0.014732123243157,0.0158837261771586,0.0160060983986414,0.0149926947689383,0.0128436364171583,0.0096749870497918,0.0058026053350049,0.0027430943368265,0.0054735119934334,0.0101360198211088,0.0145908660859417,0.0183276360142427,0.0210383947796512,0.0225402414100241,0.0227736640305823,0.0218038256859707,0.0198158541231356,0.0171196663489061,0.0141778076651077,0.0116881804052328,0.010569703754719,0.0113320923135995,0.0134213992510999,0.0159607188422576,0.0183985780007398,0.0204872539992739,0.0221610892299783,0.0234627482649474,0.0244957957404741,0.0253835434939307,0.0262343318000994,0.027108563162386,0.0280131529344024,0.0289040589661875,0.0297127962123739,0.0303594708462764,0.0307686835689603,0.030868683851051,0.0305999072707169,0.0299182285579765,0.0288065281727123,0.0272797108181625,0.0253857166920362,0.0232078923821121,0.0208669847493563,0.0185364455228466,0.0164519027287266,0.0149056446407362,0.0141653934409598,0.0143326408275143,0.0152554101312979,0.0166303392418534,0.0181481224479276,0.0195619710944321,0.0206927333657142,0.0214184946928811,0.0216676933880976,0.0214095565837919,0.0206430572613369,0.0193870754019107
294,0.0029497177125985,0.004880686098621,0.0073190853124085,0.009756923475254,0.0118455119311091,0.013321238271544,0.01399035449185,0.0137309001526378,0.0125000235476264,0.0103425296044105,0.0074303766148789,0.0042498762673524,0.0031882589191437,0.0062205370574739,0.0100175994832138,0.0134807591286798,0.0162183259913595,0.018006816642056,0.0187379038089089,0.0184119231311534,0.0171281426837358,0.0150796175328054,0.0125549166564024,0.0099863832486703,0.0080559307166513,0.0076146231822692,0.0087921080181359,0.0107775387088992,0.0128588572866235,0.0146966835762205,0.0161765193873795,0.0173100138945927,0.0181827671588094,0.0189153413023187,0.0196270332405067,0.0203988694133398,0.021259929477588,0.0221846431077377,0.0231164210727269,0.0239802325975191,0.0246995141109837,0.0251956301647295,0.0253986221396288,0.0252506112382063,0.0247189398529514,0.0237998771091805,0.0225199735306413,0.0209370395947263,0.0191410115720134,0.0172659424825084,0.0154968234026818,0.0140694169696161,0.0132221140798937,0.0131012290594782,0.013666049201263,0.0147152589283366,0.0159920992958038,0.0172648892586685,0.0183536133068561,0.0191298104900717,0.019513712681537,0.019465171185,0.0189725717139485,0.0180435062829133
301,0.0016807778636075,0.002879196965888,0.004856842612694,0.0070123049685779,0.0090281896815296,0.0106775505672171,0.0117827481178005,0.012211925124555,0.0118840413508594,0.0107805040722833,0.0089762210299343,0.0066967941922426,0.0045768612798998,0.0042704046132863,0.0063368977079563,0.0090896099619137,0.0116193955605866,0.0135518459128676,0.0147020789857435,0.0150021052990703,0.0144738796525943,0.0132159043453986,0.0113891762129325,0.0092261251787014,0.0070733852312269,0.0055116647915064,0.0052825561239538,0.0063555886568831,0.0079283946643637,0.00945460860652,0.010720166308598,0.0116843667713643,0.0124015144946683,0.0129793528291023,0.0135419111980212,0.0141890546195253,0.0149730054622686,0.0158884470709245,0.016891913355415,0.017914485222862,0.0188796371038646,0.0197038839382392,0.0203092258041533,0.0206267382499784,0.020610776828976,0.0202411050927673,0.0195248025956082,0.0184959720580494,0.0172163525660431,0.0157848558352205,0.0143423714188896,0.0130742470790072,0.012183494555784,0.0118344025057844,0.0120714372260125,0.012795033059822,0.0138148714069828,0.0149251314407292,0.0159499691580455,0.0167564092985046,0.0172574036040185,0.0174040294317907,0.017174475498824,0.0165652983740347
308,0.0026015984596838,0.0026783597752345,0.0034900228484022,0.0048873456552738,0.0065096631689648,0.0080979285276457,0.009462255042786,0.0104473576239727,0.0109233429470741,0.0107969261941985,0.0100384516558157,0.0087068753055063,0.0070060619289552,0.0054048416001453,0.004807752772884,0.0057789014106409,0.0075732344584125,0.0093835332639255,0.0108068429562342,0.0116611918153958,0.0118809519380811,0.0114783688595111,0.0105187390300347,0.0091153661810142,0.0074305939636894,0.0057007067716611,0.0043020626701842,0.003771992710472,0.0042638246799289,0.0052254642355215,0.0061789105407569,0.0069412012171824,0.0074946115627276,0.0079110663970907,0.0083062515950738,0.008795149750193,0.0094551732591467,0.0103039549958704,0.0113117572801337,0.0124159009821238,0.0135405792897064,0.0145998409813981,0.0155109305880398,0.0161978655527217,0.0166056394506889,0.0167006730794419,0.0164733685571281,0.0159368730530626,0.0151280911982713,0.0141154004770492,0.0130019539764597,0.0119288947092351,0.0110609867387904,0.0105579149578425,0.0105178922042579,0.010931769814311,0.0116859750810718,0.0126135398460706,0.0135499918496261,0.0143609375043638,0.0149534856544403,0.0152707887087725,0.0152815501217983,0.0149718147019667
315,0.0038343165036408,0.0037709405560138,0.00371127724905,0.0039506944337734,0.0046700305280738,0.0058059951839564,0.0071548079481087,0.0084917677159383,0.0096027126967964,0.010301394639505,0.0104537974358614,0.0099963119986714,0.0089603205120652,0.0074894123301858,0.0058909944089797,0.0047338399308157,0.00472277388797,0.0057887933945999,0.0072038289758524,0.0084728024810829,0.0093657532388089,0.0097869805527036,0.009710644989433,0.0091639480439744,0.0082193889071911,0.0069950812746751,0.0056557739813001,0.0044180685191897,0.003546154089466,0.0032448141751732,0.0034156848377303,0.0037505920352459,0.0040400391203433,0.0042366675161422,0.0044001367892687,0.0046436403740581,0.0050765714613444,0.0057517083806237,0.0066560102456412,0.0077301981681474,0.0088970864819569,0.0100695508807552,0.0111631902888616,0.0120991526069763,0.0128166149891544,0.0132719109357898,0.013441617120457,0.013320761607881,0.0129248323258181,0.0122959510624574,0.0115051790115832,0.0106553190125402,0.0098728625354454,0.0092967691171627,0.0090475069216492,0.0091842545149333,0.0096730647359699,0.0103997469374796,0.011221189208136,0.0120061960293532,0.0126579532490935,0.0131127526220181,0.0133306808990914,0.0132879537732786
322,0.0046647164359252,0.0048329103451343,0.004682579913842,0.0043274261625812,0.0040285491401941,0.0041973887285366,0.0050738299581852,0.0064566357331102,0.0079713292090259,0.0092946274077713,0.0101875503445644,0.0104932920497131,0.0101457234833459,0.0091683784946028,0.0076799022209399,0.0059000250187903,0.0042289817482912,0.0034406523642462,0.0041166643627431,0.0055304052492906,0.0069502694623901,0.0080724948574729,0.0087679111029729,0.0089915149634706,0.0087569117655976,0.0081301726152669,0.0072226597506216,0.0061790893954275,0.0051605636757186,0.0043211562077925,0.0037598138272906,0.0034672913406015,0.0033302612442943,0.0032233088903161,0.0030819965046059,0.0029251645679992,0.0028477881018414,0.0029910913575084,0.0034542701859104,0.0042233075770928,0.0052094275604799,0.0063062984222796,0.0074163561132926,0.0084527674217383,0.0093465562460196,0.0100436796077256,0.0105075537264743,0.010716783356371,0.0106679517243799,0.0103803532177846,0.009897619545285,0.0092894677963707,0.0086463561695665,0.0080773928983761,0.007698753300271,0.0076081385976535,0.0078426668218985,0.0083528915373352,0.0090306468721806,0.0097549090263656,0.0104276822967838,0.0109795968228966,0.0113629366317607,0.0115448754801501
329,0.0050030198126682,0.0054810529718995,0.0055522152369895,0.0052057200370506,0.0045233332901374,0.0037874669206744,0.0036309142033053,0.0045470511528191,0.0061476139051516,0.0078560085624333,0.0092945368157407,0.0102252056010766,0.0105133917616752,0.0101133955276014,0.0090653082053751,0.0074801115075499,0.0055393234069588,0.0035361347218147,0.0022518197144152,0.0029937667966635,0.0046840350085597,0.0063092113723308,0.0075873802643889,0.0084149916428714,0.0087639002785496,0.0086649303978189,0.0081994056010574,0.0074863119883601,0.0066658697404861,0.0058796070573117,0.0052404027060936,0.0048012608623115,0.004535763822801,0.0043629322513077,0.0041940957588863,0.0039700305217317,0.0036699532373353,0.0033188116860481,0.0029981033306084,0.0028599601516177,0.003066443574628,0.0036426147150044,0.0044661947350371,0.0053885602759619,0.0062948640806251,0.0071016456923484,0.0077504417192212,0.0082005086203202,0.0084295853809103,0.0084359653406254,0.0082393501593205,0.0078809699898021,0.007419008076867,0.0069298524257646,0.0065074510990033,0.0062564538629284,0.0062625012507109,0.0065449923744588,0.0070476220553989,0.0076711984258566,0.0083210440194676,0.0089235172706082,0.0094237447517933,0.0097803738584082
336,0.0048786449831413,0.0056538302742743,0.0060340232744817,0.0059464531787224,0.0053751245837252,0.0044073598502694,0.0033861254308868,0.0031822463747765,0.0043441598714075,0.0061361046095454,0.0079002282381584,0.0092922471740677,0.0101172633724607,0.0102766123367775,0.0097568030912844,0.0086139327210892,0.0069642832711678,0.0049691893025874,0.0028784816545095,0.0015490124575461,0.0027002064923258,0.0045358267346957,0.0061664118922112,0.0074073734289236,0.0081926395592262,0.0085207873555696,0.0084438159771612,0.0080555188305329,0.007477799632508,0.0068433118938019,0.0062712182347887,0.0058417412088349,0.0055724098858346,0.0054218884022082,0.0053169738291932,0.0051867699608898,0.0049775512437014,0.004659323919485,0.004225290202829,0.0037027867163511,0.0031713010096661,0.0027877625395967,0.0027524982421484,0.0031329804203449,0.0037880806640971,0.0045364411236879,0.0052512849147586,0.0058520760516141,0.0062901422539724,0.0065412800132708,0.0066030714816708,0.0064920311704132,0.0062387413307772,0.0058889071048663,0.0055063433690636,0.0051775388171885,0.0050029245340669,0.0050570730735173,0.0053505362819593,0.0058256168085506,0.0064008584520258,0.007000755351223,0.0075635306743039,0.0080392837072065
343,0.0043730497158325,0.0053885936712478,0.0060713847961529,0.0063153695273529,0.0060536226830421,0.0052804824097602,0.0041172601073171,0.0029964992561344,0.0029794170727077,0.004371119976549,0.0061911009683492,0.00785306046684,0.0090798882190583,0.0097228390004248,0.0097220140938511,0.0090882316523786,0.0078938521129245,0.0062544738465143,0.00433229795717,0.0024001684465762,0.001544962580748,0.002890154940484,0.0045902397560653,0.0060460735268719,0.0071179214093342,0.0077652169933125,0.0080068489429235,0.007907241263141,0.0075648154197611,0.0070969336301645,0.006620148954971,0.0062286171530617,0.0059700672364615,0.005838597632061,0.0057864700213719,0.0057506349830942,0.0056696530114435,0.0054940161758739,0.005186905422903,0.004731284663177,0.0041356300916934,0.0034439848053273,0.0027503259702245,0.0022304371015087,0.0021246661657413,0.0024885567336234,0.0031026096561699,0.0037574493388259,0.0043379148198294,0.0047850903574933,0.0050728095617893,0.0051957923654541,0.0051620912317307,0.0049920104774597,0.0047205085274982,0.0044043341856212,0.0041268585771148,0.003981175617142,0.0040385657071685,0.0043074618836813,0.0047430048965808,0.0052766279283975,0.0058404937454049,0.006374766068887
350,0.0036011135357599,0.0047723908869352,0.0056992898828793,0.0062613069758429,0.0063618215593122,0.0059433978783837,0.0050289890938148,0.0037861277921717,0.0027415839259658,0.0029784694628751,0.0044262761467364,0.0061164027954828,0.0075751255571585,0.0085837025836153,0.0090353624711206,0.0088978538054456,0.0082012328559732,0.0070208956739423,0.0054750723427606,0.0037298669530862,0.0021231285857255,0.0017871565337259,0.0030374993046874,0.0044805868703026,0.0056856014154685,0.0065401975551737,0.0070224029509416,0.0071632235679941,0.0070330223845565,0.0067277232318898,0.006352888353056,0.006006044988196,0.0057550959093831,0.0056258279717986,0.005601022341604,0.0056359854320897,0.0056727761968816,0.0056532621622166,0.0055242674228875,0.0052474674117655,0.0048049826118739,0.0042043274067875,0.003477112924401,0.0026806074234477,0.0019161977033564,0.0014087117928073,0.001489556439741,0.0020316723660589,0.0026802869845345,0.0032722348544807,0.0037451694704018,0.004073617878111,0.0042485689251993,0.0042717413906165,0.0041560307347444,0.0039309663781454,0.0036499205465929,0.0033860639832588,0.0032266464547376,0.0032409240162755,0.0034552464795559,0.0038388755808501,0.0043283339664876,0.0048523865668111
357,0.0027046143054615,0.0039248633215301,0.005002344241687,0.0058171179088059,0.0062567916712178,0.0062293869047668,0.0056997798432462,0.0047238141399178,0.0035145651598187,0.002644860481858,0.0030214534231655,0.0043525737297186,0.0058187604283561,0.007036175205895,0.0078314797287125,0.008126791339959,0.0079097310581625,0.0072148382032578,0.0061187715607747,0.004732536860322,0.0032280640461475,0.0019757382877494,0.0019019712713246,0.0029367708100974,0.0040913101064664,0.0050325355510055,0.0056703233973772,0.0059954249864489,0.0060462913614998,0.0058925030005114,0.0056213124718298,0.0053232929844295,0.0050758134498059,0.004930230283336,0.0049024582758693,0.0049747212171065,0.0051014344616015,0.0052223974375157,0.0052733012467881,0.0052008045330946,0.0049706509934663,0.0045730749866296,0.0040192260409179,0.0033368121364964,0.0025673740624162,0.0017777357131186,0.0011233427497877,0.0010143504100074,0.0015118763344649,0.0021475500333195,0.0027315301698881,0.0032060411800915,0.0035464106705059,0.0037406373081921,0.0037861764484456,0.0036933676773154,0.0034909636687199,0.0032228511843083,0.0029509687289481,0.0027465048754823,0.0026874647479558,0.002821113011132,0.0031347573038145,0.0035613863764877
364,0.0018657486287858,0.0029933887073428,0.0040983874717541,0.00506444880559,0.0057721047901499,0.006104978418698,0.0059851552524654,0.0054021848457213,0.0044431439409586,0.003339964034177,0.002623948447375,0.00297118256308,0.0040800682514837,0.0052920638281731,0.0062831194896317,0.0069087597664582,0.0071099173546182,0.0068794633487722,0.0062525366305499,0.0052952809457298,0.0041124309552977,0.0028666611599517,0.0018964740077184,0.0018461271526949,0.0026043321007501,0.0034694577168326,0.0041625452892412,0.0046066049593295,0.0048004459791208,0.0047826338705339,0.0046157317394258,0.0043733115388721,0.004129349045098,0.0039501865729471,0.0038840266865639,0.0039491535589878,0.0041232281966141,0.0043500918714084,0.0045570632338384,0.0046778738264528,0.0046650320828119,0.0044956949899106,0.0041675636586203,0.0036947512375497,0.0031042023804466,0.0024398138585273,0.0017781835503651,0.0012802028347083,0.0012221800663785,0.0016052435927804,0.0021328726396683,0.0026415523856522,0.0030661272930062,0.0033744568372033,0.0035489069687902,0.0035852269537211,0.0034953333592786,0.0033025760018308,0.0030427347459068,0.0027581609373401,0.0025105354364306,0.0023749902553989,0.002417144671675,0.0026354124174729
371,0.0013576903278458,0.002165277761932,0.003134172506474,0.0041186996758509,0.0049883707832394,0.0056063940731864,0.0058598177414902,0.0056883362037808,0.0051071039423935,0.0042143593154203,0.0032258378717967,0.0025702938330173,0.0027600093996113,0.0036111100090746,0.0045909661413751,0.005407456622306,0.0059305002610196,0.0061053438456487,0.0059246322346283,0.0054129347414538,0.0046291154029773,0.0036649097000595,0.0026659310524872,0.0018890005393889,0.0017337622065161,0.0021785961171838,0.0027620160917699,0.0032337281238664,0.0035194480629225,0.0036156856043838,0.0035533944583875,0.0033795923032013,0.0031497578158866,0.0029264663987396,0.002779599170651,0.0027729996365724,0.0029286589088677,0.0032061419959085,0.003524790273258,0.0038039033394064,0.0039832259089697,0.0040281087774445,0.003924353360906,0.0036743282682218,0.0032938908572788,0.0028159465186853,0.0022969967571321,0.0018309012772635,0.0015614410893788,0.0016110507411226,0.0019221807088071,0.0023407181726664,0.0027572524125612,0.0031104812500641,0.0033642761563164,0.0035004701242479,0.0035179561736312,0.0034264958369835,0.0032453018981751,0.0029961324917785,0.0027137458140476,0.0024476216207688,0.0022671991243383,0.0022267128581294
378,0.0013991880244039,0.0016858204763839,0.0022969920746749,0.0031257590239987,0.0040201203984047,0.0048151831208213,0.0053636642335847,0.0055631338967088,0.0053760127026955,0.0048286164121144,0.0040137100235282,0.0031038445645277,0.0024172196361279,0.0023891874344475,0.0030001320421727,0.0038079432692637,0.0045225499713239,0.0050115108852034,0.0052176722468126,0.0051244014146125,0.0047510626611847,0.0041466372048494,0.0033950241839265,0.0026170656305813,0.0019919450854432,0.0017355589413735,0.0018840080122801,0.002199864549915,0.0024823829678133,0.002649630710976,0.0026858240478387,0.0026019149263144,0.0024211911716947,0.0021763288345095,0.0019212138167695,0.0017456908732194,0.0017553786795826,0.0019797655794092,0.00233649805714,0.002716857044978,0.0030410824247195,0.003261444103341,0.0033524689458456,0.0033053852179645,0.0031253973766301,0.0028351230310145,0.0024769915246843,0.0021168011652276,0.0018446807342796,0.001755289381607,0.001882817367006,0.0021690972121053,0.0025224019450694,0.0028690384399108,0.0031586972034477,0.003361524155771,0.0034660547805351,0.0034720479774188,0.0033875463204135,0.0032219855444758,0.002994198661618,0.0027332125557813,0.0024856111458945,0.0022978263999703
385,0.0017132697777455,0.0016907866685165,0.0018226113644955,0.002275802034259,0.0030139363079168,0.0038470974720936,0.0045812268289435,0.0050714176271004,0.0052362393485822,0.0050520232105198,0.0045482177924784,0.0037975602755086,0.0029266027046485,0.0021652120250305,0.0019123408355211,0.0023379109137704,0.0030530821606831,0.0037342244795451,0.0042376473961527,0.0044994098418799,0.0045018690768559,0.0042596653825737,0.0038207047818015,0.003259697390536,0.0026789543011381,0.0021990146092047,0.0019339870110481,0.0019077710582869,0.0020260292820014,0.0021688722297574,0.0022643935696607,0.0022792968048762,0.0022007240985418,0.0020240343568035,0.0017563217953186,0.0014284181338085,0.0011243528574144,0.0010120578950358,0.0012041966638161,0.0015736386533335,0.0019671233362137,0.0023030876593462,0.0025399090822441,0.002656783034635,0.0026485365192571,0.0025276764853333,0.0023242834514592,0.002085979860672,0.0018753522414843,0.0017621238538776,0.0017976664981457,0.0019817117171108,0.0022640874312266,0.0025812417045224,0.0028796470470527,0.0031231684940499,0.0032935363404343,0.0033832665372439,0.0033922377515211,0.0033214976596738,0.0031801986533161,0.002986247835225,0.0027715646776919,0.0025679883788743
392,0.0019697110845002,0.001940775306895,0.0018215484475674,0.0018121793818116,0.0021660711145276,0.0028518891645654,0.0036321020875837,0.0043030935485745,0.0047394418543047,0.0048774398325577,0.0047035433267456,0.0042391719298836,0.0035389851495299,0.002693843461519,0.0018672700122471,0.0014240951594428,0.0017325902049575,0.0024234368533755,0.0031064137196856,0.0036312415045156,0.0039405021154972,0.0040188324871651,0.003885544164262,0.0035860744567441,0.0031900087859721,0.0027798417851661,0.0024415106726062,0.0022364691803342,0.0021770377565165,0.0022207283574892,0.002307093137601,0.0023826391016588,0.0024084123315482,0.0023541476594479,0.0021999397300236,0.0019400512305704,0.0015899581121825,0.0011935670865475,0.0008485111644089,0.0007466295384482,0.000961172386807,0.0012912517221128,0.0015970793899776,0.0018219065811949,0.0019436565211744,0.0019624354640474,0.0018958276252674,0.0017763212921026,0.0016474853979121,0.001560934475785,0.0015669512271396,0.0016918301904859,0.0019193086544408,0.002204432088798,0.002499020782411,0.0027663377771337,0.0029851491951652,0.0031434207811618,0.0032351691233498,0.0032553110969827,0.0032063887047902,0.0030995883144705,0.0029582372982607,0.0028051952223954
399,0.0020525132357056,0.0021508675065495,0.0020570499579881,0.001837435803743,0.0017345380922319,0.0020350130758819,0.0026727661504448,0.0033847054258387,0.0039833077492616,0.0043647059164662,0.0044807346510207,0.0043174564959849,0.003890982447257,0.0032419127910551,0.0024393967811542,0.0016033645081655,0.0010401003018305,0.001280544544406,0.0019620556547482,0.002631320861398,0.0031532296808273,0.003481217096631,0.0036091507757115,0.003557650749815,0.0033717481383732,0.0031109427296998,0.0028424243823639,0.0026250410241623,0.0024983787491983,0.0024702669855067,0.0025218875155296,0.002615823971385,0.0027092012675878,0.0027585203349867,0.0027274191739562,0.0025928444778323,0.0023502649013456,0.002013968032669,0.0016149944612434,0.0011990245873703,0.0008390818788433,0.0006640125907243,0.0007508159108393,0.0009523141352213,0.001133517891145,0.0012475202856256,0.0012888236323445,0.0012722393514523,0.0012240732345179,0.0011805316032928,0.0011860198801663,0.0012795879031654,0.0014687132156437,0.0017261133647991,0.0020118968965868,0.0022922288055748,0.0025458195757416,0.0027583078442051,0.0029197050799795,0.0030205635631848,0.0030586641636235,0.0030407559215595,0.0029843311036617,0.0029065005339208
406,0.0019481484578027,0.0022016805556905,0.0022547884234923,0.0020912718239001,0.0018083930611324,0.001665142870548,0.0019212682529533,0.0024837297432466,0.0031038908652192,0.003619934964144,0.0039475986145102,0.004043751654409,0.0038956459582167,0.0035131528779982,0.0029304104111988,0.0022051038611481,0.0014319459436022,0.0008523376904553,0.0010148527544829,0.0016346933321799,0.0022491808260907,0.0027352743944419,0.0030565838508893,0.0032097899028221,0.0032171501187468,0.0031177477704151,0.0029620800562236,0.0028006811217936,0.0026783644683095,0.0026252566602461,0.0026536174120079,0.002751764720583,0.0028879945138042,0.0030170254881115,0.0030934812338246,0.0030825618503119,0.0029667635300932,0.0027466800066652,0.0024375561904337,0.0020636744900585,0.0016566455438222,0.0012555646050434,0.0009107823763813,0.0006868648751223,0.0006260823867841,0.0006732652681159,0.0007372234584058,0.000773880751721,0.0007763356574923,0.0007581701962313,0.0007514730698887,0.000803704048571,0.0009464758356143,0.0011694352048827,0.0014381630716838,0.0017207711376587,0.0019961951222488,0.0022487021295113,0.0024653774002371,0.0026336452163279,0.0027479165035281,0.0028118261274733,0.0028384450474211,0.0028405678930635
413,0.001688287354345,0.0020729284414111,0.0022950798323498,0.0022957492619852,0.0020892667153814,0.0017941077359005,0.0016423664015537,0.0018331918004972,0.0022828245934829,0.0027890458222422,0.003217393653022,0.0034929081289855,0.0035764323472592,0.0034518263268457,0.0031272207138678,0.0026314201848934,0.002013972097241,0.0013541571457302,0.0008353632186832,0.0008819571070591,0.0013738093785701,0.0018983475397978,0.0023269756742548,0.0026223403976311,0.0027826098308971,0.0028266393496797,0.0027879554619148,0.0027061712916274,0.0026233704477566,0.00257872617163,0.0026035213451156,0.0027085724440823,0.0028780123176139,0.0030718659806139,0.0032421440944015,0.0033471800467999,0.0033601541729289,0.0032709756208024,0.0030831426242152,0.0028100381552453,0.0024740368327261,0.0021053085893448,0.0017406104525384,0.001418405514782,0.0011694654013673,0.0010053298037205,0.0009116268644502,0.0008566767040448,0.0008093021103201,0.0007484207633789,0.0006682287416596,0.0005882184097852,0.0005639257176747,0.0006542481661346,0.0008495698908612,0.0011020302692321,0.0013764345634249,0.0016496753678946,0.0019039322138115,0.002123286175625,0.0022992237245568,0.002432862847202,0.0025334612068895,0.0026101589958652
420,0.0013300716076074,0.0017921870122963,0.0021556343237009,0.0023351964426254,0.0022993969901529,0.0020891434120725,0.0018207565377362,0.0016686732231299,0.0017643644827583,0.0020682976376088,0.0024448876836255,0.002783356519949,0.0030140324380677,0.0030944807626027,0.0030074673031102,0.0027561926039307,0.0023633599264123,0.0018686493774445,0.0013362990484105,0.0008981196043555,0.0008276203148833,0.0011494506646366,0.0015599158649655,0.0019138791541568,0.0021683912652704,0.0023182471878559,0.0023787835580703,0.0023769711997086,0.0023482080620118,0.0023333931898419,0.0023735086235066,0.0024949043720564,0.0026957239463675,0.0029441738369452,0.0031944619168722,0.0034027505384504,0.0035365972062855,0.0035774689814936,0.0035185963558686,0.0033639631430178,0.0031287406750834,0.0028386009933418,0.0025274649006021,0.0022299875504629,0.001972768362061,0.001767729244346,0.0016120026857714,0.0014929319094345,0.0013932931261081,0.0012938282088359,0.0011766189266607,0.0010311116052455,0.0008618396842631,0.0006953278703651,0.0005908782325568,0.0006222792025432,0.0007894345171341,0.0010276020108259,0.0012851430599431,0.0015308176007139,0.0017487458154134,0.0019356897793648,0.0020964576679005,0.0022364133312863
427,0.0009512476513521,0.0014135527291618,0.0018624519804866,0.0021901504207521,0.0023334701608312,0.0022889426628018,0.00210932923149,0.001885360625242,0.001721065177688,0.0017010600506664,0.0018398405073744,0.0020776125682463,0.0023304192371653,0.002526785536086,0.002619997478633,0.0025857748104747,0.0024213103106154,0.0021401595811196,0.0017718758601095,0.0013669395891227,0.0010163356830176,0.0008729593472077,0.0010080236669064,0.0012723912122469,0.0015291816095907,0.001724272758308,0.0018467060071966,0.0019075081128277,0.0019324355022981,0.0019589820152546,0.0020297412969696,0.0021776437669951,0.0024091124776908,0.0027005086684383,0.0030120787552552,0.0033025115092893,0.0035376254527679,0.0036930258851796,0.0037536037183414,0.0037154065009974,0.0035870938051085,0.0033901236162828,0.0031551339634642,0.0029134292775938,0.0026891894050409,0.002494529827241,0.0023316565042309,0.0021962729688815,0.0020794696874697,0.0019674655895789,0.00184295672591,0.0016909932811328,0.001505237157975,0.0012893298013337,0.0010567565884486,0.0008314254848764,0.0006601646440017,0.0006187413541358,0.0007326592142343,0.0009316284271231,0.0011513409607266,0.0013650815008423,0.0015659770521786,0.001752799002977
434,0.0006627687269771,0.0010106742692265,0.0014678703996646,0.0018882292446264,0.0021786580943737,0.0023039858403748,0.0022794684248301,0.0021484215405359,0.0019606116487261,0.0017675289280438,0.001627235962065,0.0015985358639164,0.0016971661494991,0.0018737056569912,0.0020538916650108,0.0021780599287499,0.0022127644553261,0.0021452731629591,0.0019804423203985,0.0017391888792395,0.0014608549932896,0.0012061497951132,0.001050637830204,0.0010401147472639,0.0011374662480565,0.0012674979317864,0.0013809232811073,0.0014628671717249,0.0015233899159581,0.0015898429413536,0.0016968231491599,0.0018726621223158,0.0021247662891934,0.0024373700770269,0.002780547152253,0.0031200205237318,0.0034235433302463,0.0036635229080294,0.0038189372895796,0.0038795859041592,0.0038485968269007,0.0037432614295345,0.0035899634804801,0.0034160179523886,0.0032426768367713,0.0030817597913275,0.0029387444040296,0.0028143793038031,0.0027049620536912,0.0026005545458096,0.0024856010815744,0.0023452336366033,0.0021707255872752,0.0019609307758728,0.001720593602664,0.0014566527305306,0.0011802119335638,0.0009127158218643,0.00069545459477,0.0005947857070726,0.0006483657268806,0.0008044761059978,0.0010006237321078,0.0012060154697022
441,0.0005959489826989,0.0006868713064938,0.0010420507480272,0.0014825424289527,0.0018668058898999,0.0021298964601954,0.0022600891760667,0.0022722019113798,0.0021850492665506,0.0020141198497183,0.001781187884437,0.0015343472739302,0.0013540868311486,0.0013207127329638,0.0014364875610955,0.0016229698209508,0.0017997351756268,0.0019169054252855,0.0019519860939082,0.0019023501384499,0.0017826162266074,0.0016218942149592,0.0014589076776825,0.001331237314832,0.0012603018963201,0.001242912968444,0.0012598959295266,0.0012948610659575,0.0013457748672499,0.00142371293393,0.0015454235573407,0.0017247666491596,0.0019655176476288,0.0022600889672409,0.0025910211889981,0.0029339549425733,0.0032610437217029,0.0035437829971659,0.0037576252088838,0.0038877367631483,0.003932803557563,0.0039057903230559,0.0038279879753305,0.0037220973062878,0.0036057306835463,0.003490051283876,0.0033826088639859,0.0032872581570163,0.0032034858516481,0.0031234566593319,0.0030330518860771,0.0029182311503164,0.0027696973653266,0.0025844426367991,0.0023635605014225,0.0021091154545368,0.001825730562688,0.0015234301114491,0.001218769319069,0.000934141127793,0.0006987792028499,0.0005577235047921,0.0005598851145867,0.0006846414304101
448,0.000706308327236,0.0005783531720238,0.0006808444565135,0.0010425178269949,0.0014538438328311,0.0018036066064144,0.0020557981199763,0.0022057323044024,0.0022535742864685,0.0021937100999016,0.0020224941627652,0.0017540864928299,0.0014301228231642,0.0011306562387176,0.0009772568454145,0.0010499304579265,0.0012703096836158,0.0015170594110251,0.0017209052583088,0.0018520033196087,0.0019043931288978,0.0018883490899076,0.0018252853745757,0.0017400502624956,0.0016545699416164,0.0015833711100026,0.0015338938265272,0.0015111704000388,0.0015220324093282,0.0015731544913762,0.0016694411632463,0.001812324569118,0.0020016679071926,0.0022358669040833,0.0025088299207732,0.002806914702263,0.0031086382272879,0.0033872163519951,0.0036171230756005,0.0037806913271057,0.0038732744029553,0.0039031846753583,0.0038861411232891,0.0038395999076779,0.0037771122067205,0.0037090941350583,0.0036441385610376,0.0035879871609472,0.0035416904080305,0.0034981215149167,0.0034441283248503,0.0033664237481058,0.0032556441269419,0.0031075450657014,0.0029205926630912,0.0026939214725462,0.0024297608571875,0.002135807308322,0.0018254413822793,0.0015138693085652,0.0012137798941749,0.0009343463530955,0.0006906085548391,0.0005177216686018
455,0.0008256571549496,0.0006727326246032,0.000527224337796,0.0006602412242926,0.001011060548091,0.0013848848548333,0.001709274974364,0.0019633240636215,0.0021352040119865,0.0022064617546664,0.0021580675232986,0.0019834675400845,0.0016961811535824,0.0013330292436855,0.0009599998863361,0.0007083033195322,0.000756589536635,0.0010309774287825,0.0013467627537847,0.0016216574367728,0.0018270156884022,0.0019573185902288,0.00202072290432,0.0020319036968286,0.0020085443943352,0.0019670976537727,0.001922482018403,0.0018890008762308,0.0018801139884072,0.0019045697465275,0.001965547492328,0.0020604568746447,0.0021873814119978,0.0023468414250897,0.0025398379217304,0.0027621348285884,0.0030007149421907,0.0032345522279082,0.0034409013656635,0.0036021492871655,0.0037117535533159,0.0037733760118661,0.0037971672862303,0.0037948388274612,0.0037761065255654,0.0037505986678941,0.0037272789358401,0.0037129406841844,0.0037088433265989,0.0037077801460453,0.0036971377612901,0.0036642263290681,0.0035997295113473,0.0034981202013444,0.0033555021321544,0.0031685861612341,0.0029380965379115,0.0026706866761245,0.0023789642946054,0.0020762681699313,0.0017727429698647,0.0014728600864411,0.0011817848103597,0.0009077477937029
